23 3
9 7
14 28
11 16
10 9
4 2
8 7
15 24
12 11
7 4
11 11
14 24
6 2
11 15
11 13
10 13
5 2
11 10
12 7
7 6
7 3
10 4
6 2
11 16
2.4 3 3.6
2.4 3 3.6
4 5 6
2.4 3 3.6
3.2 4 4.8
2.4 3 3.6
0.8 1 1.2
4 5 6
2.4 3 3.6
2.4 3 3.6
4 5 6
2.4 3 3.6
3.2 4 4.8
1.6 2 2.4
2.4 3 3.6
1.6 2 2.4
1.6 2 2.4
1.6 2 2.4
3.2 4 4.8
4 5 6
4 5 6
1.6 2 2.4
4 5 6
2.4 3 3.6
2.4 3 3.6
1.6 2 2.4
2.4 3 3.6
3.2 4 4.8
4 5 6
2.4 3 3.6
3.2 4 4.8
2.4 3 3.6
3.2 4 4.8
3.2 4 4.8
3.2 4 4.8
4 5 6
4 5 6
2.4 3 3.6
4 5 6
3.2 4 4.8
3.2 4 4.8
2.4 3 3.6
3.2 4 4.8
2.4 3 3.6
4 5 6
2.4 3 3.6
2.4 3 3.6
2.4 3 3.6
0.8 1 1.2
1.6 2 2.4
0.8 1 1.2
3.2 4 4.8
0.8 1 1.2
0.8 1 1.2
3.2 4 4.8
3.2 4 4.8
4 5 6
1.6 2 2.4
3.2 4 4.8
4 5 6
1.6 2 2.4
1.6 2 2.4
3.2 4 4.8
1.6 2 2.4
3.2 4 4.8
4 5 6
3.2 4 4.8
3.2 4 4.8
2.4 3 3.6
3.2 4 4.8
4 5 6
0.8 1 1.2
1.6 2 2.4
4 5 6
3.2 4 4.8
2.4 3 3.6
4 5 6
0.8 1 1.2
1.6 2 2.4
1.6 2 2.4
2.4 3 3.6
2.4 3 3.6
2.4 3 3.6
1.6 2 2.4
1.6 2 2.4
0.8 1 1.2
0.8 1 1.2
1.6 2 2.4
0.8 1 1.2
0.8 1 1.2
4 5 6
0.8 1 1.2
1.6 2 2.4
2.4 3 3.6
0.8 1 1.2
1.6 2 2.4
3.2 4 4.8
2.4 3 3.6
3.2 4 4.8
1.6 2 2.4
1.6 2 2.4
4 5 6
4 5 6
4 5 6
1.6 2 2.4
1.6 2 2.4
2.4 3 3.6
2.4 3 3.6
1.6 2 2.4
2.4 3 3.6
0.8 1 1.2
0.8 1 1.2
4 5 6
4 5 6
2.4 3 3.6
3.2 4 4.8
2.4 3 3.6
1.6 2 2.4
1.6 2 2.4
3.2 4 4.8
1.6 2 2.4
0.8 1 1.2
0.8 1 1.2
3.2 4 4.8
1.6 2 2.4
3.2 4 4.8
1.6 2 2.4
1.6 2 2.4
0.8 1 1.2
2.4 3 3.6
4 5 6
3.2 4 4.8
4 5 6
0.8 1 1.2
4 5 6
4 5 6
4 5 6
3.2 4 4.8
3.2 4 4.8
3.2 4 4.8
3.2 4 4.8
0.8 1 1.2
2.4 3 3.6
1.6 2 2.4
1.6 2 2.4
4 5 6
4 5 6
4 5 6
1.6 2 2.4
0.8 1 1.2
3.2 4 4.8
1.6 2 2.4
3.2 4 4.8
4 5 6
1.6 2 2.4
4 5 6
4 5 6
2.4 3 3.6
3.2 4 4.8
1.6 2 2.4
3.2 4 4.8
1.6 2 2.4
3.2 4 4.8
1.6 2 2.4
0.8 1 1.2
2.4 3 3.6
0.8 1 1.2
3.2 4 4.8
4 5 6
4 5 6
4 5 6
3.2 4 4.8
4 5 6
2.4 3 3.6
1.6 2 2.4
3.2 4 4.8
1.6 2 2.4
0.8 1 1.2
0.8 1 1.2
1.6 2 2.4
2.4 3 3.6
1.6 2 2.4
4 5 6
1.6 2 2.4
3.2 4 4.8
4 5 6
2.4 3 3.6
3.2 4 4.8
1.6 2 2.4
2.4 3 3.6
1.6 2 2.4
4 5 6
1.6 2 2.4
1.6 2 2.4
4 5 6
0.8 1 1.2
3.2 4 4.8
2.4 3 3.6
0.8 1 1.2
3.2 4 4.8
1.6 2 2.4
4 5 6
0.8 1 1.2
3.2 4 4.8
3.2 4 4.8
0.8 1 1.2
3.2 4 4.8
3.2 4 4.8
4 5 6
1.6 2 2.4
1.6 2 2.4
2.4 3 3.6
1.6 2 2.4
4 5 6
2.4 3 3.6
4 5 6
3.2 4 4.8
1.6 2 2.4
3.2 4 4.8
2.4 3 3.6
0.8 1 1.2
1.6 2 2.4
1 4 5
1 5 2
2 3 5
2 5 5
0 8 1
2 8 5
3 7 3
9 15 1
10 12 5
10 16 1
11 16 3
9 20 2
10 17 5
10 21 5
11 17 5
11 20 3
11 21 3
12 18 2
12 21 2
13 17 1
13 20 2
14 17 5
14 20 3
15 17 2
15 18 3
15 19 4
15 20 3
16 18 5
16 20 3
9 22 1
10 22 1
15 22 1
18 22 3
19 22 3
20 22 4
23 24 3
23 28 5
25 27 5
25 28 4
26 27 5
26 28 2
23 29 3
23 30 2
24 29 1
24 30 4
26 29 3
27 29 1
24 31 5
25 31 1
26 33 4
30 33 2
34 37 3
34 42 5
35 41 4
36 41 1
37 41 2
37 43 3
38 42 3
39 43 1
40 43 4
44 45 1
45 47 2
48 52 3
49 53 5
49 54 1
51 53 3
49 55 4
51 55 1
54 55 3
56 58 1
56 63 5
57 60 3
58 59 2
58 61 5
57 65 3
57 66 3
57 68 2
58 64 3
58 66 5
60 66 2
61 64 4
62 66 4
63 68 1
56 69 1
57 69 3
58 69 1
61 70 3
62 69 2
63 69 1
63 70 3
64 70 2
66 70 2
68 70 3
71 74 1
71 75 3
72 74 2
73 76 5
73 78 5
74 77 5
71 82 2
73 81 4
74 80 1
75 82 1
76 82 4
83 88 4
84 88 1
84 89 3
85 87 2
90 97 3
90 98 5
91 97 2
92 94 4
92 97 5
93 98 5
91 99 5
94 99 3
95 100 5
96 100 5
97 100 5
101 106 1
102 106 4
103 104 1
103 105 4
103 106 1
101 109 5
104 109 5
105 108 1
105 109 5
101 110 1
101 112 4
101 113 2
102 110 4
102 113 5
102 114 2
103 110 2
104 110 4
104 111 1
104 113 1
105 110 2
105 112 2
105 114 1
107 112 3
107 113 3
115 118 1
116 119 2
121 125 2
121 126 3
121 127 2
123 127 2
124 126 1
125 127 4
121 130 1
122 131 5
123 129 1
124 128 4
124 130 5
124 131 5
125 128 4
126 131 1
127 130 1
132 135 1
132 137 4
133 139 2
132 140 1
134 141 4
135 141 2
136 141 2
138 141 3
139 140 5
134 142 3
137 142 1
138 142 5
141 142 1
143 147 2
144 147 1
144 148 4
144 149 3
145 149 2
146 149 1
143 150 4
144 150 1
149 150 3
144 151 1
146 151 1
146 152 5
149 151 2
153 157 4
154 157 2
158 161 3
159 163 3
159 164 5
160 162 1
160 163 4
158 165 1
158 167 2
160 168 2
162 165 1
164 168 4
169 175 1
171 176 4
171 178 3
172 176 5
173 175 5
174 180 2
177 179 4
182 184 5
181 185 5
181 186 5
182 185 5
183 186 3
184 186 4
189 192 5
188 193 2
191 194 4
195 204 4
197 202 4
198 203 3
200 201 5
205 208 3
207 210 2
211 215 4
212 217 4
213 216 5
213 217 2
214 216 3
214 217 5
211 218 5
211 219 5
211 221 1
212 219 2
213 218 4
213 219 2
213 220 3
214 218 2
215 221 3
216 218 3
35
45
55
105
110
130
140
160
180
200
220
240
260
280
300
320
340
360
380
400
420
440
460
480
500
