15 10
13 18
12 16
21 57
7 4
18 34
11 10
8 4
9 8
16 28
16 31
12 19
12 23
12 9
13 12
11 10
9.6 10.1333 10.6667 11.2 11.7333 12.2667 12.8 13.3333 13.8667 14.4 
0.8 0.844444 0.888889 0.933333 0.977778 1.02222 1.06667 1.11111 1.15556 1.2 
12 12.6667 13.3333 14 14.6667 15.3333 16 16.6667 17.3333 18 
6.4 6.75556 7.11111 7.46667 7.82222 8.17778 8.53333 8.88889 9.24444 9.6 
2.4 2.53333 2.66667 2.8 2.93333 3.06667 3.2 3.33333 3.46667 3.6 
3.2 3.37778 3.55556 3.73333 3.91111 4.08889 4.26667 4.44444 4.62222 4.8 
5.6 5.91111 6.22222 6.53333 6.84444 7.15556 7.46667 7.77778 8.08889 8.4 
10.4 10.9778 11.5556 12.1333 12.7111 13.2889 13.8667 14.4444 15.0222 15.6 
7.2 7.6 8 8.4 8.8 9.2 9.6 10 10.4 10.8 
0.8 0.844444 0.888889 0.933333 0.977778 1.02222 1.06667 1.11111 1.15556 1.2 
12 12.6667 13.3333 14 14.6667 15.3333 16 16.6667 17.3333 18 
2.4 2.53333 2.66667 2.8 2.93333 3.06667 3.2 3.33333 3.46667 3.6 
12 12.6667 13.3333 14 14.6667 15.3333 16 16.6667 17.3333 18 
9.6 10.1333 10.6667 11.2 11.7333 12.2667 12.8 13.3333 13.8667 14.4 
11.2 11.8222 12.4444 13.0667 13.6889 14.3111 14.9333 15.5556 16.1778 16.8 
8.8 9.28889 9.77778 10.2667 10.7556 11.2444 11.7333 12.2222 12.7111 13.2 
5.6 5.91111 6.22222 6.53333 6.84444 7.15556 7.46667 7.77778 8.08889 8.4 
4 4.22222 4.44444 4.66667 4.88889 5.11111 5.33333 5.55556 5.77778 6 
9.6 10.1333 10.6667 11.2 11.7333 12.2667 12.8 13.3333 13.8667 14.4 
3.2 3.37778 3.55556 3.73333 3.91111 4.08889 4.26667 4.44444 4.62222 4.8 
3.2 3.37778 3.55556 3.73333 3.91111 4.08889 4.26667 4.44444 4.62222 4.8 
2.4 2.53333 2.66667 2.8 2.93333 3.06667 3.2 3.33333 3.46667 3.6 
8.8 9.28889 9.77778 10.2667 10.7556 11.2444 11.7333 12.2222 12.7111 13.2 
2.4 2.53333 2.66667 2.8 2.93333 3.06667 3.2 3.33333 3.46667 3.6 
4.8 5.06667 5.33333 5.6 5.86667 6.13333 6.4 6.66667 6.93333 7.2 
4.8 5.06667 5.33333 5.6 5.86667 6.13333 6.4 6.66667 6.93333 7.2 
11.2 11.8222 12.4444 13.0667 13.6889 14.3111 14.9333 15.5556 16.1778 16.8 
9.6 10.1333 10.6667 11.2 11.7333 12.2667 12.8 13.3333 13.8667 14.4 
7.2 7.6 8 8.4 8.8 9.2 9.6 10 10.4 10.8 
10.4 10.9778 11.5556 12.1333 12.7111 13.2889 13.8667 14.4444 15.0222 15.6 
8 8.44444 8.88889 9.33333 9.77778 10.2222 10.6667 11.1111 11.5556 12 
3.2 3.37778 3.55556 3.73333 3.91111 4.08889 4.26667 4.44444 4.62222 4.8 
8.8 9.28889 9.77778 10.2667 10.7556 11.2444 11.7333 12.2222 12.7111 13.2 
4.8 5.06667 5.33333 5.6 5.86667 6.13333 6.4 6.66667 6.93333 7.2 
10.4 10.9778 11.5556 12.1333 12.7111 13.2889 13.8667 14.4444 15.0222 15.6 
4.8 5.06667 5.33333 5.6 5.86667 6.13333 6.4 6.66667 6.93333 7.2 
10.4 10.9778 11.5556 12.1333 12.7111 13.2889 13.8667 14.4444 15.0222 15.6 
4 4.22222 4.44444 4.66667 4.88889 5.11111 5.33333 5.55556 5.77778 6 
5.6 5.91111 6.22222 6.53333 6.84444 7.15556 7.46667 7.77778 8.08889 8.4 
8.8 9.28889 9.77778 10.2667 10.7556 11.2444 11.7333 12.2222 12.7111 13.2 
1.6 1.68889 1.77778 1.86667 1.95556 2.04444 2.13333 2.22222 2.31111 2.4 
1.6 1.68889 1.77778 1.86667 1.95556 2.04444 2.13333 2.22222 2.31111 2.4 
0.8 0.844444 0.888889 0.933333 0.977778 1.02222 1.06667 1.11111 1.15556 1.2 
7.2 7.6 8 8.4 8.8 9.2 9.6 10 10.4 10.8 
9.6 10.1333 10.6667 11.2 11.7333 12.2667 12.8 13.3333 13.8667 14.4 
12 12.6667 13.3333 14 14.6667 15.3333 16 16.6667 17.3333 18 
8.8 9.28889 9.77778 10.2667 10.7556 11.2444 11.7333 12.2222 12.7111 13.2 
0.8 0.844444 0.888889 0.933333 0.977778 1.02222 1.06667 1.11111 1.15556 1.2 
4 4.22222 4.44444 4.66667 4.88889 5.11111 5.33333 5.55556 5.77778 6 
1.6 1.68889 1.77778 1.86667 1.95556 2.04444 2.13333 2.22222 2.31111 2.4 
1.6 1.68889 1.77778 1.86667 1.95556 2.04444 2.13333 2.22222 2.31111 2.4 
0.8 0.844444 0.888889 0.933333 0.977778 1.02222 1.06667 1.11111 1.15556 1.2 
8.8 9.28889 9.77778 10.2667 10.7556 11.2444 11.7333 12.2222 12.7111 13.2 
0.8 0.844444 0.888889 0.933333 0.977778 1.02222 1.06667 1.11111 1.15556 1.2 
4.8 5.06667 5.33333 5.6 5.86667 6.13333 6.4 6.66667 6.93333 7.2 
4 4.22222 4.44444 4.66667 4.88889 5.11111 5.33333 5.55556 5.77778 6 
7.2 7.6 8 8.4 8.8 9.2 9.6 10 10.4 10.8 
4.8 5.06667 5.33333 5.6 5.86667 6.13333 6.4 6.66667 6.93333 7.2 
1.6 1.68889 1.77778 1.86667 1.95556 2.04444 2.13333 2.22222 2.31111 2.4 
8 8.44444 8.88889 9.33333 9.77778 10.2222 10.6667 11.1111 11.5556 12 
11.2 11.8222 12.4444 13.0667 13.6889 14.3111 14.9333 15.5556 16.1778 16.8 
6.4 6.75556 7.11111 7.46667 7.82222 8.17778 8.53333 8.88889 9.24444 9.6 
1.6 1.68889 1.77778 1.86667 1.95556 2.04444 2.13333 2.22222 2.31111 2.4 
2.4 2.53333 2.66667 2.8 2.93333 3.06667 3.2 3.33333 3.46667 3.6 
0.8 0.844444 0.888889 0.933333 0.977778 1.02222 1.06667 1.11111 1.15556 1.2 
0.8 0.844444 0.888889 0.933333 0.977778 1.02222 1.06667 1.11111 1.15556 1.2 
4.8 5.06667 5.33333 5.6 5.86667 6.13333 6.4 6.66667 6.93333 7.2 
8 8.44444 8.88889 9.33333 9.77778 10.2222 10.6667 11.1111 11.5556 12 
5.6 5.91111 6.22222 6.53333 6.84444 7.15556 7.46667 7.77778 8.08889 8.4 
7.2 7.6 8 8.4 8.8 9.2 9.6 10 10.4 10.8 
4.8 5.06667 5.33333 5.6 5.86667 6.13333 6.4 6.66667 6.93333 7.2 
7.2 7.6 8 8.4 8.8 9.2 9.6 10 10.4 10.8 
2.4 2.53333 2.66667 2.8 2.93333 3.06667 3.2 3.33333 3.46667 3.6 
10.4 10.9778 11.5556 12.1333 12.7111 13.2889 13.8667 14.4444 15.0222 15.6 
11.2 11.8222 12.4444 13.0667 13.6889 14.3111 14.9333 15.5556 16.1778 16.8 
9.6 10.1333 10.6667 11.2 11.7333 12.2667 12.8 13.3333 13.8667 14.4 
7.2 7.6 8 8.4 8.8 9.2 9.6 10 10.4 10.8 
8 8.44444 8.88889 9.33333 9.77778 10.2222 10.6667 11.1111 11.5556 12 
1.6 1.68889 1.77778 1.86667 1.95556 2.04444 2.13333 2.22222 2.31111 2.4 
7.2 7.6 8 8.4 8.8 9.2 9.6 10 10.4 10.8 
8 8.44444 8.88889 9.33333 9.77778 10.2222 10.6667 11.1111 11.5556 12 
11.2 11.8222 12.4444 13.0667 13.6889 14.3111 14.9333 15.5556 16.1778 16.8 
12 12.6667 13.3333 14 14.6667 15.3333 16 16.6667 17.3333 18 
7.2 7.6 8 8.4 8.8 9.2 9.6 10 10.4 10.8 
2.4 2.53333 2.66667 2.8 2.93333 3.06667 3.2 3.33333 3.46667 3.6 
11.2 11.8222 12.4444 13.0667 13.6889 14.3111 14.9333 15.5556 16.1778 16.8 
12 12.6667 13.3333 14 14.6667 15.3333 16 16.6667 17.3333 18 
6.4 6.75556 7.11111 7.46667 7.82222 8.17778 8.53333 8.88889 9.24444 9.6 
7.2 7.6 8 8.4 8.8 9.2 9.6 10 10.4 10.8 
8.8 9.28889 9.77778 10.2667 10.7556 11.2444 11.7333 12.2222 12.7111 13.2 
2.4 2.53333 2.66667 2.8 2.93333 3.06667 3.2 3.33333 3.46667 3.6 
0.8 0.844444 0.888889 0.933333 0.977778 1.02222 1.06667 1.11111 1.15556 1.2 
10.4 10.9778 11.5556 12.1333 12.7111 13.2889 13.8667 14.4444 15.0222 15.6 
8.8 9.28889 9.77778 10.2667 10.7556 11.2444 11.7333 12.2222 12.7111 13.2 
5.6 5.91111 6.22222 6.53333 6.84444 7.15556 7.46667 7.77778 8.08889 8.4 
4 4.22222 4.44444 4.66667 4.88889 5.11111 5.33333 5.55556 5.77778 6 
2.4 2.53333 2.66667 2.8 2.93333 3.06667 3.2 3.33333 3.46667 3.6 
8 8.44444 8.88889 9.33333 9.77778 10.2222 10.6667 11.1111 11.5556 12 
2.4 2.53333 2.66667 2.8 2.93333 3.06667 3.2 3.33333 3.46667 3.6 
10.4 10.9778 11.5556 12.1333 12.7111 13.2889 13.8667 14.4444 15.0222 15.6 
1.6 1.68889 1.77778 1.86667 1.95556 2.04444 2.13333 2.22222 2.31111 2.4 
4 4.22222 4.44444 4.66667 4.88889 5.11111 5.33333 5.55556 5.77778 6 
6.4 6.75556 7.11111 7.46667 7.82222 8.17778 8.53333 8.88889 9.24444 9.6 
4.8 5.06667 5.33333 5.6 5.86667 6.13333 6.4 6.66667 6.93333 7.2 
12 12.6667 13.3333 14 14.6667 15.3333 16 16.6667 17.3333 18 
4.8 5.06667 5.33333 5.6 5.86667 6.13333 6.4 6.66667 6.93333 7.2 
12 12.6667 13.3333 14 14.6667 15.3333 16 16.6667 17.3333 18 
4.8 5.06667 5.33333 5.6 5.86667 6.13333 6.4 6.66667 6.93333 7.2 
10.4 10.9778 11.5556 12.1333 12.7111 13.2889 13.8667 14.4444 15.0222 15.6 
9.6 10.1333 10.6667 11.2 11.7333 12.2667 12.8 13.3333 13.8667 14.4 
12 12.6667 13.3333 14 14.6667 15.3333 16 16.6667 17.3333 18 
4 4.22222 4.44444 4.66667 4.88889 5.11111 5.33333 5.55556 5.77778 6 
8 8.44444 8.88889 9.33333 9.77778 10.2222 10.6667 11.1111 11.5556 12 
12 12.6667 13.3333 14 14.6667 15.3333 16 16.6667 17.3333 18 
4 4.22222 4.44444 4.66667 4.88889 5.11111 5.33333 5.55556 5.77778 6 
4 4.22222 4.44444 4.66667 4.88889 5.11111 5.33333 5.55556 5.77778 6 
4.8 5.06667 5.33333 5.6 5.86667 6.13333 6.4 6.66667 6.93333 7.2 
8 8.44444 8.88889 9.33333 9.77778 10.2222 10.6667 11.1111 11.5556 12 
9.6 10.1333 10.6667 11.2 11.7333 12.2667 12.8 13.3333 13.8667 14.4 
8.8 9.28889 9.77778 10.2667 10.7556 11.2444 11.7333 12.2222 12.7111 13.2 
11.2 11.8222 12.4444 13.0667 13.6889 14.3111 14.9333 15.5556 16.1778 16.8 
11.2 11.8222 12.4444 13.0667 13.6889 14.3111 14.9333 15.5556 16.1778 16.8 
3.2 3.37778 3.55556 3.73333 3.91111 4.08889 4.26667 4.44444 4.62222 4.8 
10.4 10.9778 11.5556 12.1333 12.7111 13.2889 13.8667 14.4444 15.0222 15.6 
9.6 10.1333 10.6667 11.2 11.7333 12.2667 12.8 13.3333 13.8667 14.4 
9.6 10.1333 10.6667 11.2 11.7333 12.2667 12.8 13.3333 13.8667 14.4 
4.8 5.06667 5.33333 5.6 5.86667 6.13333 6.4 6.66667 6.93333 7.2 
5.6 5.91111 6.22222 6.53333 6.84444 7.15556 7.46667 7.77778 8.08889 8.4 
2.4 2.53333 2.66667 2.8 2.93333 3.06667 3.2 3.33333 3.46667 3.6 
10.4 10.9778 11.5556 12.1333 12.7111 13.2889 13.8667 14.4444 15.0222 15.6 
9.6 10.1333 10.6667 11.2 11.7333 12.2667 12.8 13.3333 13.8667 14.4 
11.2 11.8222 12.4444 13.0667 13.6889 14.3111 14.9333 15.5556 16.1778 16.8 
0.8 0.844444 0.888889 0.933333 0.977778 1.02222 1.06667 1.11111 1.15556 1.2 
4 4.22222 4.44444 4.66667 4.88889 5.11111 5.33333 5.55556 5.77778 6 
7.2 7.6 8 8.4 8.8 9.2 9.6 10 10.4 10.8 
0.8 0.844444 0.888889 0.933333 0.977778 1.02222 1.06667 1.11111 1.15556 1.2 
4.8 5.06667 5.33333 5.6 5.86667 6.13333 6.4 6.66667 6.93333 7.2 
5.6 5.91111 6.22222 6.53333 6.84444 7.15556 7.46667 7.77778 8.08889 8.4 
6.4 6.75556 7.11111 7.46667 7.82222 8.17778 8.53333 8.88889 9.24444 9.6 
4.8 5.06667 5.33333 5.6 5.86667 6.13333 6.4 6.66667 6.93333 7.2 
3.2 3.37778 3.55556 3.73333 3.91111 4.08889 4.26667 4.44444 4.62222 4.8 
8 8.44444 8.88889 9.33333 9.77778 10.2222 10.6667 11.1111 11.5556 12 
10.4 10.9778 11.5556 12.1333 12.7111 13.2889 13.8667 14.4444 15.0222 15.6 
8 8.44444 8.88889 9.33333 9.77778 10.2222 10.6667 11.1111 11.5556 12 
2.4 2.53333 2.66667 2.8 2.93333 3.06667 3.2 3.33333 3.46667 3.6 
2.4 2.53333 2.66667 2.8 2.93333 3.06667 3.2 3.33333 3.46667 3.6 
3.2 3.37778 3.55556 3.73333 3.91111 4.08889 4.26667 4.44444 4.62222 4.8 
10.4 10.9778 11.5556 12.1333 12.7111 13.2889 13.8667 14.4444 15.0222 15.6 
2.4 2.53333 2.66667 2.8 2.93333 3.06667 3.2 3.33333 3.46667 3.6 
7.2 7.6 8 8.4 8.8 9.2 9.6 10 10.4 10.8 
2.4 2.53333 2.66667 2.8 2.93333 3.06667 3.2 3.33333 3.46667 3.6 
6.4 6.75556 7.11111 7.46667 7.82222 8.17778 8.53333 8.88889 9.24444 9.6 
4 4.22222 4.44444 4.66667 4.88889 5.11111 5.33333 5.55556 5.77778 6 
11.2 11.8222 12.4444 13.0667 13.6889 14.3111 14.9333 15.5556 16.1778 16.8 
12 12.6667 13.3333 14 14.6667 15.3333 16 16.6667 17.3333 18 
6.4 6.75556 7.11111 7.46667 7.82222 8.17778 8.53333 8.88889 9.24444 9.6 
0.8 0.844444 0.888889 0.933333 0.977778 1.02222 1.06667 1.11111 1.15556 1.2 
7.2 7.6 8 8.4 8.8 9.2 9.6 10 10.4 10.8 
4.8 5.06667 5.33333 5.6 5.86667 6.13333 6.4 6.66667 6.93333 7.2 
1.6 1.68889 1.77778 1.86667 1.95556 2.04444 2.13333 2.22222 2.31111 2.4 
11.2 11.8222 12.4444 13.0667 13.6889 14.3111 14.9333 15.5556 16.1778 16.8 
8.8 9.28889 9.77778 10.2667 10.7556 11.2444 11.7333 12.2222 12.7111 13.2 
1.6 1.68889 1.77778 1.86667 1.95556 2.04444 2.13333 2.22222 2.31111 2.4 
12 12.6667 13.3333 14 14.6667 15.3333 16 16.6667 17.3333 18 
0.8 0.844444 0.888889 0.933333 0.977778 1.02222 1.06667 1.11111 1.15556 1.2 
11.2 11.8222 12.4444 13.0667 13.6889 14.3111 14.9333 15.5556 16.1778 16.8 
9.6 10.1333 10.6667 11.2 11.7333 12.2667 12.8 13.3333 13.8667 14.4 
4.8 5.06667 5.33333 5.6 5.86667 6.13333 6.4 6.66667 6.93333 7.2 
10.4 10.9778 11.5556 12.1333 12.7111 13.2889 13.8667 14.4444 15.0222 15.6 
9.6 10.1333 10.6667 11.2 11.7333 12.2667 12.8 13.3333 13.8667 14.4 
12 12.6667 13.3333 14 14.6667 15.3333 16 16.6667 17.3333 18 
1.6 1.68889 1.77778 1.86667 1.95556 2.04444 2.13333 2.22222 2.31111 2.4 
12 12.6667 13.3333 14 14.6667 15.3333 16 16.6667 17.3333 18 
4 4.22222 4.44444 4.66667 4.88889 5.11111 5.33333 5.55556 5.77778 6 
8 8.44444 8.88889 9.33333 9.77778 10.2222 10.6667 11.1111 11.5556 12 
1.6 1.68889 1.77778 1.86667 1.95556 2.04444 2.13333 2.22222 2.31111 2.4 
12 12.6667 13.3333 14 14.6667 15.3333 16 16.6667 17.3333 18 
10.4 10.9778 11.5556 12.1333 12.7111 13.2889 13.8667 14.4444 15.0222 15.6 
9.6 10.1333 10.6667 11.2 11.7333 12.2667 12.8 13.3333 13.8667 14.4 
4.8 5.06667 5.33333 5.6 5.86667 6.13333 6.4 6.66667 6.93333 7.2 
7.2 7.6 8 8.4 8.8 9.2 9.6 10 10.4 10.8 
7.2 7.6 8 8.4 8.8 9.2 9.6 10 10.4 10.8 
4.8 5.06667 5.33333 5.6 5.86667 6.13333 6.4 6.66667 6.93333 7.2 
4.8 5.06667 5.33333 5.6 5.86667 6.13333 6.4 6.66667 6.93333 7.2 
1.6 1.68889 1.77778 1.86667 1.95556 2.04444 2.13333 2.22222 2.31111 2.4 
4 4.22222 4.44444 4.66667 4.88889 5.11111 5.33333 5.55556 5.77778 6 
5.6 5.91111 6.22222 6.53333 6.84444 7.15556 7.46667 7.77778 8.08889 8.4 
0.8 0.844444 0.888889 0.933333 0.977778 1.02222 1.06667 1.11111 1.15556 1.2 
6.4 6.75556 7.11111 7.46667 7.82222 8.17778 8.53333 8.88889 9.24444 9.6 
6.4 6.75556 7.11111 7.46667 7.82222 8.17778 8.53333 8.88889 9.24444 9.6 
11.2 11.8222 12.4444 13.0667 13.6889 14.3111 14.9333 15.5556 16.1778 16.8 
21
35
143
67
89
169
38
52
73
94
115
132
184
152
133
