20 20
14 27
11 12
9 11
11 10
7 2
9 7
15 19
11 6
8 8
18 29
7 5
17 33
11 10
10 7
10 8
11 19
12 9
11 6
11 17
17 36
9.6 9.85263 10.1053 10.3579 10.6105 10.8632 11.1158 11.3684 11.6211 11.8737 12.1263 12.3789 12.6316 12.8842 13.1368 13.3895 13.6421 13.8947 14.1474 14.4 
9.6 9.85263 10.1053 10.3579 10.6105 10.8632 11.1158 11.3684 11.6211 11.8737 12.1263 12.3789 12.6316 12.8842 13.1368 13.3895 13.6421 13.8947 14.1474 14.4 
4 4.10526 4.21053 4.31579 4.42105 4.52632 4.63158 4.73684 4.84211 4.94737 5.05263 5.15789 5.26316 5.36842 5.47368 5.57895 5.68421 5.78947 5.89474 6 
8 8.21053 8.42105 8.63158 8.84211 9.05263 9.26316 9.47368 9.68421 9.89474 10.1053 10.3158 10.5263 10.7368 10.9474 11.1579 11.3684 11.5789 11.7895 12 
6.4 6.56842 6.73684 6.90526 7.07368 7.24211 7.41053 7.57895 7.74737 7.91579 8.08421 8.25263 8.42105 8.58947 8.75789 8.92632 9.09474 9.26316 9.43158 9.6 
2.4 2.46316 2.52632 2.58947 2.65263 2.71579 2.77895 2.84211 2.90526 2.96842 3.03158 3.09474 3.15789 3.22105 3.28421 3.34737 3.41053 3.47368 3.53684 3.6 
10.4 10.6737 10.9474 11.2211 11.4947 11.7684 12.0421 12.3158 12.5895 12.8632 13.1368 13.4105 13.6842 13.9579 14.2316 14.5053 14.7789 15.0526 15.3263 15.6 
8 8.21053 8.42105 8.63158 8.84211 9.05263 9.26316 9.47368 9.68421 9.89474 10.1053 10.3158 10.5263 10.7368 10.9474 11.1579 11.3684 11.5789 11.7895 12 
8.8 9.03158 9.26316 9.49474 9.72632 9.95789 10.1895 10.4211 10.6526 10.8842 11.1158 11.3474 11.5789 11.8105 12.0421 12.2737 12.5053 12.7368 12.9684 13.2 
3.2 3.28421 3.36842 3.45263 3.53684 3.62105 3.70526 3.78947 3.87368 3.95789 4.04211 4.12632 4.21053 4.29474 4.37895 4.46316 4.54737 4.63158 4.71579 4.8 
1.6 1.64211 1.68421 1.72632 1.76842 1.81053 1.85263 1.89474 1.93684 1.97895 2.02105 2.06316 2.10526 2.14737 2.18947 2.23158 2.27368 2.31579 2.35789 2.4 
3.2 3.28421 3.36842 3.45263 3.53684 3.62105 3.70526 3.78947 3.87368 3.95789 4.04211 4.12632 4.21053 4.29474 4.37895 4.46316 4.54737 4.63158 4.71579 4.8 
8.8 9.03158 9.26316 9.49474 9.72632 9.95789 10.1895 10.4211 10.6526 10.8842 11.1158 11.3474 11.5789 11.8105 12.0421 12.2737 12.5053 12.7368 12.9684 13.2 
4.8 4.92632 5.05263 5.17895 5.30526 5.43158 5.55789 5.68421 5.81053 5.93684 6.06316 6.18947 6.31579 6.44211 6.56842 6.69474 6.82105 6.94737 7.07368 7.2 
4.8 4.92632 5.05263 5.17895 5.30526 5.43158 5.55789 5.68421 5.81053 5.93684 6.06316 6.18947 6.31579 6.44211 6.56842 6.69474 6.82105 6.94737 7.07368 7.2 
2.4 2.46316 2.52632 2.58947 2.65263 2.71579 2.77895 2.84211 2.90526 2.96842 3.03158 3.09474 3.15789 3.22105 3.28421 3.34737 3.41053 3.47368 3.53684 3.6 
0.8 0.821053 0.842105 0.863158 0.884211 0.905263 0.926316 0.947368 0.968421 0.989474 1.01053 1.03158 1.05263 1.07368 1.09474 1.11579 1.13684 1.15789 1.17895 1.2 
4 4.10526 4.21053 4.31579 4.42105 4.52632 4.63158 4.73684 4.84211 4.94737 5.05263 5.15789 5.26316 5.36842 5.47368 5.57895 5.68421 5.78947 5.89474 6 
4.8 4.92632 5.05263 5.17895 5.30526 5.43158 5.55789 5.68421 5.81053 5.93684 6.06316 6.18947 6.31579 6.44211 6.56842 6.69474 6.82105 6.94737 7.07368 7.2 
7.2 7.38947 7.57895 7.76842 7.95789 8.14737 8.33684 8.52632 8.71579 8.90526 9.09474 9.28421 9.47368 9.66316 9.85263 10.0421 10.2316 10.4211 10.6105 10.8 
10.4 10.6737 10.9474 11.2211 11.4947 11.7684 12.0421 12.3158 12.5895 12.8632 13.1368 13.4105 13.6842 13.9579 14.2316 14.5053 14.7789 15.0526 15.3263 15.6 
7.2 7.38947 7.57895 7.76842 7.95789 8.14737 8.33684 8.52632 8.71579 8.90526 9.09474 9.28421 9.47368 9.66316 9.85263 10.0421 10.2316 10.4211 10.6105 10.8 
2.4 2.46316 2.52632 2.58947 2.65263 2.71579 2.77895 2.84211 2.90526 2.96842 3.03158 3.09474 3.15789 3.22105 3.28421 3.34737 3.41053 3.47368 3.53684 3.6 
5.6 5.74737 5.89474 6.04211 6.18947 6.33684 6.48421 6.63158 6.77895 6.92632 7.07368 7.22105 7.36842 7.51579 7.66316 7.81053 7.95789 8.10526 8.25263 8.4 
10.4 10.6737 10.9474 11.2211 11.4947 11.7684 12.0421 12.3158 12.5895 12.8632 13.1368 13.4105 13.6842 13.9579 14.2316 14.5053 14.7789 15.0526 15.3263 15.6 
2.4 2.46316 2.52632 2.58947 2.65263 2.71579 2.77895 2.84211 2.90526 2.96842 3.03158 3.09474 3.15789 3.22105 3.28421 3.34737 3.41053 3.47368 3.53684 3.6 
10.4 10.6737 10.9474 11.2211 11.4947 11.7684 12.0421 12.3158 12.5895 12.8632 13.1368 13.4105 13.6842 13.9579 14.2316 14.5053 14.7789 15.0526 15.3263 15.6 
6.4 6.56842 6.73684 6.90526 7.07368 7.24211 7.41053 7.57895 7.74737 7.91579 8.08421 8.25263 8.42105 8.58947 8.75789 8.92632 9.09474 9.26316 9.43158 9.6 
8.8 9.03158 9.26316 9.49474 9.72632 9.95789 10.1895 10.4211 10.6526 10.8842 11.1158 11.3474 11.5789 11.8105 12.0421 12.2737 12.5053 12.7368 12.9684 13.2 
11.2 11.4947 11.7895 12.0842 12.3789 12.6737 12.9684 13.2632 13.5579 13.8526 14.1474 14.4421 14.7368 15.0316 15.3263 15.6211 15.9158 16.2105 16.5053 16.8 
3.2 3.28421 3.36842 3.45263 3.53684 3.62105 3.70526 3.78947 3.87368 3.95789 4.04211 4.12632 4.21053 4.29474 4.37895 4.46316 4.54737 4.63158 4.71579 4.8 
10.4 10.6737 10.9474 11.2211 11.4947 11.7684 12.0421 12.3158 12.5895 12.8632 13.1368 13.4105 13.6842 13.9579 14.2316 14.5053 14.7789 15.0526 15.3263 15.6 
8 8.21053 8.42105 8.63158 8.84211 9.05263 9.26316 9.47368 9.68421 9.89474 10.1053 10.3158 10.5263 10.7368 10.9474 11.1579 11.3684 11.5789 11.7895 12 
9.6 9.85263 10.1053 10.3579 10.6105 10.8632 11.1158 11.3684 11.6211 11.8737 12.1263 12.3789 12.6316 12.8842 13.1368 13.3895 13.6421 13.8947 14.1474 14.4 
6.4 6.56842 6.73684 6.90526 7.07368 7.24211 7.41053 7.57895 7.74737 7.91579 8.08421 8.25263 8.42105 8.58947 8.75789 8.92632 9.09474 9.26316 9.43158 9.6 
0.8 0.821053 0.842105 0.863158 0.884211 0.905263 0.926316 0.947368 0.968421 0.989474 1.01053 1.03158 1.05263 1.07368 1.09474 1.11579 1.13684 1.15789 1.17895 1.2 
3.2 3.28421 3.36842 3.45263 3.53684 3.62105 3.70526 3.78947 3.87368 3.95789 4.04211 4.12632 4.21053 4.29474 4.37895 4.46316 4.54737 4.63158 4.71579 4.8 
5.6 5.74737 5.89474 6.04211 6.18947 6.33684 6.48421 6.63158 6.77895 6.92632 7.07368 7.22105 7.36842 7.51579 7.66316 7.81053 7.95789 8.10526 8.25263 8.4 
8 8.21053 8.42105 8.63158 8.84211 9.05263 9.26316 9.47368 9.68421 9.89474 10.1053 10.3158 10.5263 10.7368 10.9474 11.1579 11.3684 11.5789 11.7895 12 
9.6 9.85263 10.1053 10.3579 10.6105 10.8632 11.1158 11.3684 11.6211 11.8737 12.1263 12.3789 12.6316 12.8842 13.1368 13.3895 13.6421 13.8947 14.1474 14.4 
10.4 10.6737 10.9474 11.2211 11.4947 11.7684 12.0421 12.3158 12.5895 12.8632 13.1368 13.4105 13.6842 13.9579 14.2316 14.5053 14.7789 15.0526 15.3263 15.6 
12 12.3158 12.6316 12.9474 13.2632 13.5789 13.8947 14.2105 14.5263 14.8421 15.1579 15.4737 15.7895 16.1053 16.4211 16.7368 17.0526 17.3684 17.6842 18 
4 4.10526 4.21053 4.31579 4.42105 4.52632 4.63158 4.73684 4.84211 4.94737 5.05263 5.15789 5.26316 5.36842 5.47368 5.57895 5.68421 5.78947 5.89474 6 
9.6 9.85263 10.1053 10.3579 10.6105 10.8632 11.1158 11.3684 11.6211 11.8737 12.1263 12.3789 12.6316 12.8842 13.1368 13.3895 13.6421 13.8947 14.1474 14.4 
6.4 6.56842 6.73684 6.90526 7.07368 7.24211 7.41053 7.57895 7.74737 7.91579 8.08421 8.25263 8.42105 8.58947 8.75789 8.92632 9.09474 9.26316 9.43158 9.6 
8 8.21053 8.42105 8.63158 8.84211 9.05263 9.26316 9.47368 9.68421 9.89474 10.1053 10.3158 10.5263 10.7368 10.9474 11.1579 11.3684 11.5789 11.7895 12 
2.4 2.46316 2.52632 2.58947 2.65263 2.71579 2.77895 2.84211 2.90526 2.96842 3.03158 3.09474 3.15789 3.22105 3.28421 3.34737 3.41053 3.47368 3.53684 3.6 
3.2 3.28421 3.36842 3.45263 3.53684 3.62105 3.70526 3.78947 3.87368 3.95789 4.04211 4.12632 4.21053 4.29474 4.37895 4.46316 4.54737 4.63158 4.71579 4.8 
5.6 5.74737 5.89474 6.04211 6.18947 6.33684 6.48421 6.63158 6.77895 6.92632 7.07368 7.22105 7.36842 7.51579 7.66316 7.81053 7.95789 8.10526 8.25263 8.4 
10.4 10.6737 10.9474 11.2211 11.4947 11.7684 12.0421 12.3158 12.5895 12.8632 13.1368 13.4105 13.6842 13.9579 14.2316 14.5053 14.7789 15.0526 15.3263 15.6 
6.4 6.56842 6.73684 6.90526 7.07368 7.24211 7.41053 7.57895 7.74737 7.91579 8.08421 8.25263 8.42105 8.58947 8.75789 8.92632 9.09474 9.26316 9.43158 9.6 
10.4 10.6737 10.9474 11.2211 11.4947 11.7684 12.0421 12.3158 12.5895 12.8632 13.1368 13.4105 13.6842 13.9579 14.2316 14.5053 14.7789 15.0526 15.3263 15.6 
0.8 0.821053 0.842105 0.863158 0.884211 0.905263 0.926316 0.947368 0.968421 0.989474 1.01053 1.03158 1.05263 1.07368 1.09474 1.11579 1.13684 1.15789 1.17895 1.2 
10.4 10.6737 10.9474 11.2211 11.4947 11.7684 12.0421 12.3158 12.5895 12.8632 13.1368 13.4105 13.6842 13.9579 14.2316 14.5053 14.7789 15.0526 15.3263 15.6 
10.4 10.6737 10.9474 11.2211 11.4947 11.7684 12.0421 12.3158 12.5895 12.8632 13.1368 13.4105 13.6842 13.9579 14.2316 14.5053 14.7789 15.0526 15.3263 15.6 
4.8 4.92632 5.05263 5.17895 5.30526 5.43158 5.55789 5.68421 5.81053 5.93684 6.06316 6.18947 6.31579 6.44211 6.56842 6.69474 6.82105 6.94737 7.07368 7.2 
3.2 3.28421 3.36842 3.45263 3.53684 3.62105 3.70526 3.78947 3.87368 3.95789 4.04211 4.12632 4.21053 4.29474 4.37895 4.46316 4.54737 4.63158 4.71579 4.8 
9.6 9.85263 10.1053 10.3579 10.6105 10.8632 11.1158 11.3684 11.6211 11.8737 12.1263 12.3789 12.6316 12.8842 13.1368 13.3895 13.6421 13.8947 14.1474 14.4 
9.6 9.85263 10.1053 10.3579 10.6105 10.8632 11.1158 11.3684 11.6211 11.8737 12.1263 12.3789 12.6316 12.8842 13.1368 13.3895 13.6421 13.8947 14.1474 14.4 
1.6 1.64211 1.68421 1.72632 1.76842 1.81053 1.85263 1.89474 1.93684 1.97895 2.02105 2.06316 2.10526 2.14737 2.18947 2.23158 2.27368 2.31579 2.35789 2.4 
4 4.10526 4.21053 4.31579 4.42105 4.52632 4.63158 4.73684 4.84211 4.94737 5.05263 5.15789 5.26316 5.36842 5.47368 5.57895 5.68421 5.78947 5.89474 6 
6.4 6.56842 6.73684 6.90526 7.07368 7.24211 7.41053 7.57895 7.74737 7.91579 8.08421 8.25263 8.42105 8.58947 8.75789 8.92632 9.09474 9.26316 9.43158 9.6 
0.8 0.821053 0.842105 0.863158 0.884211 0.905263 0.926316 0.947368 0.968421 0.989474 1.01053 1.03158 1.05263 1.07368 1.09474 1.11579 1.13684 1.15789 1.17895 1.2 
9.6 9.85263 10.1053 10.3579 10.6105 10.8632 11.1158 11.3684 11.6211 11.8737 12.1263 12.3789 12.6316 12.8842 13.1368 13.3895 13.6421 13.8947 14.1474 14.4 
12 12.3158 12.6316 12.9474 13.2632 13.5789 13.8947 14.2105 14.5263 14.8421 15.1579 15.4737 15.7895 16.1053 16.4211 16.7368 17.0526 17.3684 17.6842 18 
7.2 7.38947 7.57895 7.76842 7.95789 8.14737 8.33684 8.52632 8.71579 8.90526 9.09474 9.28421 9.47368 9.66316 9.85263 10.0421 10.2316 10.4211 10.6105 10.8 
10.4 10.6737 10.9474 11.2211 11.4947 11.7684 12.0421 12.3158 12.5895 12.8632 13.1368 13.4105 13.6842 13.9579 14.2316 14.5053 14.7789 15.0526 15.3263 15.6 
8 8.21053 8.42105 8.63158 8.84211 9.05263 9.26316 9.47368 9.68421 9.89474 10.1053 10.3158 10.5263 10.7368 10.9474 11.1579 11.3684 11.5789 11.7895 12 
12 12.3158 12.6316 12.9474 13.2632 13.5789 13.8947 14.2105 14.5263 14.8421 15.1579 15.4737 15.7895 16.1053 16.4211 16.7368 17.0526 17.3684 17.6842 18 
4 4.10526 4.21053 4.31579 4.42105 4.52632 4.63158 4.73684 4.84211 4.94737 5.05263 5.15789 5.26316 5.36842 5.47368 5.57895 5.68421 5.78947 5.89474 6 
8.8 9.03158 9.26316 9.49474 9.72632 9.95789 10.1895 10.4211 10.6526 10.8842 11.1158 11.3474 11.5789 11.8105 12.0421 12.2737 12.5053 12.7368 12.9684 13.2 
8.8 9.03158 9.26316 9.49474 9.72632 9.95789 10.1895 10.4211 10.6526 10.8842 11.1158 11.3474 11.5789 11.8105 12.0421 12.2737 12.5053 12.7368 12.9684 13.2 
4 4.10526 4.21053 4.31579 4.42105 4.52632 4.63158 4.73684 4.84211 4.94737 5.05263 5.15789 5.26316 5.36842 5.47368 5.57895 5.68421 5.78947 5.89474 6 
2.4 2.46316 2.52632 2.58947 2.65263 2.71579 2.77895 2.84211 2.90526 2.96842 3.03158 3.09474 3.15789 3.22105 3.28421 3.34737 3.41053 3.47368 3.53684 3.6 
4 4.10526 4.21053 4.31579 4.42105 4.52632 4.63158 4.73684 4.84211 4.94737 5.05263 5.15789 5.26316 5.36842 5.47368 5.57895 5.68421 5.78947 5.89474 6 
7.2 7.38947 7.57895 7.76842 7.95789 8.14737 8.33684 8.52632 8.71579 8.90526 9.09474 9.28421 9.47368 9.66316 9.85263 10.0421 10.2316 10.4211 10.6105 10.8 
10.4 10.6737 10.9474 11.2211 11.4947 11.7684 12.0421 12.3158 12.5895 12.8632 13.1368 13.4105 13.6842 13.9579 14.2316 14.5053 14.7789 15.0526 15.3263 15.6 
4.8 4.92632 5.05263 5.17895 5.30526 5.43158 5.55789 5.68421 5.81053 5.93684 6.06316 6.18947 6.31579 6.44211 6.56842 6.69474 6.82105 6.94737 7.07368 7.2 
5.6 5.74737 5.89474 6.04211 6.18947 6.33684 6.48421 6.63158 6.77895 6.92632 7.07368 7.22105 7.36842 7.51579 7.66316 7.81053 7.95789 8.10526 8.25263 8.4 
5.6 5.74737 5.89474 6.04211 6.18947 6.33684 6.48421 6.63158 6.77895 6.92632 7.07368 7.22105 7.36842 7.51579 7.66316 7.81053 7.95789 8.10526 8.25263 8.4 
3.2 3.28421 3.36842 3.45263 3.53684 3.62105 3.70526 3.78947 3.87368 3.95789 4.04211 4.12632 4.21053 4.29474 4.37895 4.46316 4.54737 4.63158 4.71579 4.8 
8.8 9.03158 9.26316 9.49474 9.72632 9.95789 10.1895 10.4211 10.6526 10.8842 11.1158 11.3474 11.5789 11.8105 12.0421 12.2737 12.5053 12.7368 12.9684 13.2 
3.2 3.28421 3.36842 3.45263 3.53684 3.62105 3.70526 3.78947 3.87368 3.95789 4.04211 4.12632 4.21053 4.29474 4.37895 4.46316 4.54737 4.63158 4.71579 4.8 
4 4.10526 4.21053 4.31579 4.42105 4.52632 4.63158 4.73684 4.84211 4.94737 5.05263 5.15789 5.26316 5.36842 5.47368 5.57895 5.68421 5.78947 5.89474 6 
3.2 3.28421 3.36842 3.45263 3.53684 3.62105 3.70526 3.78947 3.87368 3.95789 4.04211 4.12632 4.21053 4.29474 4.37895 4.46316 4.54737 4.63158 4.71579 4.8 
1.6 1.64211 1.68421 1.72632 1.76842 1.81053 1.85263 1.89474 1.93684 1.97895 2.02105 2.06316 2.10526 2.14737 2.18947 2.23158 2.27368 2.31579 2.35789 2.4 
4.8 4.92632 5.05263 5.17895 5.30526 5.43158 5.55789 5.68421 5.81053 5.93684 6.06316 6.18947 6.31579 6.44211 6.56842 6.69474 6.82105 6.94737 7.07368 7.2 
1.6 1.64211 1.68421 1.72632 1.76842 1.81053 1.85263 1.89474 1.93684 1.97895 2.02105 2.06316 2.10526 2.14737 2.18947 2.23158 2.27368 2.31579 2.35789 2.4 
6.4 6.56842 6.73684 6.90526 7.07368 7.24211 7.41053 7.57895 7.74737 7.91579 8.08421 8.25263 8.42105 8.58947 8.75789 8.92632 9.09474 9.26316 9.43158 9.6 
8.8 9.03158 9.26316 9.49474 9.72632 9.95789 10.1895 10.4211 10.6526 10.8842 11.1158 11.3474 11.5789 11.8105 12.0421 12.2737 12.5053 12.7368 12.9684 13.2 
7.2 7.38947 7.57895 7.76842 7.95789 8.14737 8.33684 8.52632 8.71579 8.90526 9.09474 9.28421 9.47368 9.66316 9.85263 10.0421 10.2316 10.4211 10.6105 10.8 
10.4 10.6737 10.9474 11.2211 11.4947 11.7684 12.0421 12.3158 12.5895 12.8632 13.1368 13.4105 13.6842 13.9579 14.2316 14.5053 14.7789 15.0526 15.3263 15.6 
12 12.3158 12.6316 12.9474 13.2632 13.5789 13.8947 14.2105 14.5263 14.8421 15.1579 15.4737 15.7895 16.1053 16.4211 16.7368 17.0526 17.3684 17.6842 18 
3.2 3.28421 3.36842 3.45263 3.53684 3.62105 3.70526 3.78947 3.87368 3.95789 4.04211 4.12632 4.21053 4.29474 4.37895 4.46316 4.54737 4.63158 4.71579 4.8 
12 12.3158 12.6316 12.9474 13.2632 13.5789 13.8947 14.2105 14.5263 14.8421 15.1579 15.4737 15.7895 16.1053 16.4211 16.7368 17.0526 17.3684 17.6842 18 
8 8.21053 8.42105 8.63158 8.84211 9.05263 9.26316 9.47368 9.68421 9.89474 10.1053 10.3158 10.5263 10.7368 10.9474 11.1579 11.3684 11.5789 11.7895 12 
4 4.10526 4.21053 4.31579 4.42105 4.52632 4.63158 4.73684 4.84211 4.94737 5.05263 5.15789 5.26316 5.36842 5.47368 5.57895 5.68421 5.78947 5.89474 6 
1.6 1.64211 1.68421 1.72632 1.76842 1.81053 1.85263 1.89474 1.93684 1.97895 2.02105 2.06316 2.10526 2.14737 2.18947 2.23158 2.27368 2.31579 2.35789 2.4 
8.8 9.03158 9.26316 9.49474 9.72632 9.95789 10.1895 10.4211 10.6526 10.8842 11.1158 11.3474 11.5789 11.8105 12.0421 12.2737 12.5053 12.7368 12.9684 13.2 
8.8 9.03158 9.26316 9.49474 9.72632 9.95789 10.1895 10.4211 10.6526 10.8842 11.1158 11.3474 11.5789 11.8105 12.0421 12.2737 12.5053 12.7368 12.9684 13.2 
5.6 5.74737 5.89474 6.04211 6.18947 6.33684 6.48421 6.63158 6.77895 6.92632 7.07368 7.22105 7.36842 7.51579 7.66316 7.81053 7.95789 8.10526 8.25263 8.4 
12 12.3158 12.6316 12.9474 13.2632 13.5789 13.8947 14.2105 14.5263 14.8421 15.1579 15.4737 15.7895 16.1053 16.4211 16.7368 17.0526 17.3684 17.6842 18 
10.4 10.6737 10.9474 11.2211 11.4947 11.7684 12.0421 12.3158 12.5895 12.8632 13.1368 13.4105 13.6842 13.9579 14.2316 14.5053 14.7789 15.0526 15.3263 15.6 
1.6 1.64211 1.68421 1.72632 1.76842 1.81053 1.85263 1.89474 1.93684 1.97895 2.02105 2.06316 2.10526 2.14737 2.18947 2.23158 2.27368 2.31579 2.35789 2.4 
4 4.10526 4.21053 4.31579 4.42105 4.52632 4.63158 4.73684 4.84211 4.94737 5.05263 5.15789 5.26316 5.36842 5.47368 5.57895 5.68421 5.78947 5.89474 6 
5.6 5.74737 5.89474 6.04211 6.18947 6.33684 6.48421 6.63158 6.77895 6.92632 7.07368 7.22105 7.36842 7.51579 7.66316 7.81053 7.95789 8.10526 8.25263 8.4 
2.4 2.46316 2.52632 2.58947 2.65263 2.71579 2.77895 2.84211 2.90526 2.96842 3.03158 3.09474 3.15789 3.22105 3.28421 3.34737 3.41053 3.47368 3.53684 3.6 
4.8 4.92632 5.05263 5.17895 5.30526 5.43158 5.55789 5.68421 5.81053 5.93684 6.06316 6.18947 6.31579 6.44211 6.56842 6.69474 6.82105 6.94737 7.07368 7.2 
5.6 5.74737 5.89474 6.04211 6.18947 6.33684 6.48421 6.63158 6.77895 6.92632 7.07368 7.22105 7.36842 7.51579 7.66316 7.81053 7.95789 8.10526 8.25263 8.4 
4 4.10526 4.21053 4.31579 4.42105 4.52632 4.63158 4.73684 4.84211 4.94737 5.05263 5.15789 5.26316 5.36842 5.47368 5.57895 5.68421 5.78947 5.89474 6 
4 4.10526 4.21053 4.31579 4.42105 4.52632 4.63158 4.73684 4.84211 4.94737 5.05263 5.15789 5.26316 5.36842 5.47368 5.57895 5.68421 5.78947 5.89474 6 
6.4 6.56842 6.73684 6.90526 7.07368 7.24211 7.41053 7.57895 7.74737 7.91579 8.08421 8.25263 8.42105 8.58947 8.75789 8.92632 9.09474 9.26316 9.43158 9.6 
3.2 3.28421 3.36842 3.45263 3.53684 3.62105 3.70526 3.78947 3.87368 3.95789 4.04211 4.12632 4.21053 4.29474 4.37895 4.46316 4.54737 4.63158 4.71579 4.8 
6.4 6.56842 6.73684 6.90526 7.07368 7.24211 7.41053 7.57895 7.74737 7.91579 8.08421 8.25263 8.42105 8.58947 8.75789 8.92632 9.09474 9.26316 9.43158 9.6 
9.6 9.85263 10.1053 10.3579 10.6105 10.8632 11.1158 11.3684 11.6211 11.8737 12.1263 12.3789 12.6316 12.8842 13.1368 13.3895 13.6421 13.8947 14.1474 14.4 
7.2 7.38947 7.57895 7.76842 7.95789 8.14737 8.33684 8.52632 8.71579 8.90526 9.09474 9.28421 9.47368 9.66316 9.85263 10.0421 10.2316 10.4211 10.6105 10.8 
9.6 9.85263 10.1053 10.3579 10.6105 10.8632 11.1158 11.3684 11.6211 11.8737 12.1263 12.3789 12.6316 12.8842 13.1368 13.3895 13.6421 13.8947 14.1474 14.4 
3.2 3.28421 3.36842 3.45263 3.53684 3.62105 3.70526 3.78947 3.87368 3.95789 4.04211 4.12632 4.21053 4.29474 4.37895 4.46316 4.54737 4.63158 4.71579 4.8 
2.4 2.46316 2.52632 2.58947 2.65263 2.71579 2.77895 2.84211 2.90526 2.96842 3.03158 3.09474 3.15789 3.22105 3.28421 3.34737 3.41053 3.47368 3.53684 3.6 
6.4 6.56842 6.73684 6.90526 7.07368 7.24211 7.41053 7.57895 7.74737 7.91579 8.08421 8.25263 8.42105 8.58947 8.75789 8.92632 9.09474 9.26316 9.43158 9.6 
3.2 3.28421 3.36842 3.45263 3.53684 3.62105 3.70526 3.78947 3.87368 3.95789 4.04211 4.12632 4.21053 4.29474 4.37895 4.46316 4.54737 4.63158 4.71579 4.8 
1.6 1.64211 1.68421 1.72632 1.76842 1.81053 1.85263 1.89474 1.93684 1.97895 2.02105 2.06316 2.10526 2.14737 2.18947 2.23158 2.27368 2.31579 2.35789 2.4 
9.6 9.85263 10.1053 10.3579 10.6105 10.8632 11.1158 11.3684 11.6211 11.8737 12.1263 12.3789 12.6316 12.8842 13.1368 13.3895 13.6421 13.8947 14.1474 14.4 
3.2 3.28421 3.36842 3.45263 3.53684 3.62105 3.70526 3.78947 3.87368 3.95789 4.04211 4.12632 4.21053 4.29474 4.37895 4.46316 4.54737 4.63158 4.71579 4.8 
10.4 10.6737 10.9474 11.2211 11.4947 11.7684 12.0421 12.3158 12.5895 12.8632 13.1368 13.4105 13.6842 13.9579 14.2316 14.5053 14.7789 15.0526 15.3263 15.6 
8 8.21053 8.42105 8.63158 8.84211 9.05263 9.26316 9.47368 9.68421 9.89474 10.1053 10.3158 10.5263 10.7368 10.9474 11.1579 11.3684 11.5789 11.7895 12 
0.8 0.821053 0.842105 0.863158 0.884211 0.905263 0.926316 0.947368 0.968421 0.989474 1.01053 1.03158 1.05263 1.07368 1.09474 1.11579 1.13684 1.15789 1.17895 1.2 
7.2 7.38947 7.57895 7.76842 7.95789 8.14737 8.33684 8.52632 8.71579 8.90526 9.09474 9.28421 9.47368 9.66316 9.85263 10.0421 10.2316 10.4211 10.6105 10.8 
5.6 5.74737 5.89474 6.04211 6.18947 6.33684 6.48421 6.63158 6.77895 6.92632 7.07368 7.22105 7.36842 7.51579 7.66316 7.81053 7.95789 8.10526 8.25263 8.4 
11.2 11.4947 11.7895 12.0842 12.3789 12.6737 12.9684 13.2632 13.5579 13.8526 14.1474 14.4421 14.7368 15.0316 15.3263 15.6211 15.9158 16.2105 16.5053 16.8 
5.6 5.74737 5.89474 6.04211 6.18947 6.33684 6.48421 6.63158 6.77895 6.92632 7.07368 7.22105 7.36842 7.51579 7.66316 7.81053 7.95789 8.10526 8.25263 8.4 
10.4 10.6737 10.9474 11.2211 11.4947 11.7684 12.0421 12.3158 12.5895 12.8632 13.1368 13.4105 13.6842 13.9579 14.2316 14.5053 14.7789 15.0526 15.3263 15.6 
5.6 5.74737 5.89474 6.04211 6.18947 6.33684 6.48421 6.63158 6.77895 6.92632 7.07368 7.22105 7.36842 7.51579 7.66316 7.81053 7.95789 8.10526 8.25263 8.4 
4.8 4.92632 5.05263 5.17895 5.30526 5.43158 5.55789 5.68421 5.81053 5.93684 6.06316 6.18947 6.31579 6.44211 6.56842 6.69474 6.82105 6.94737 7.07368 7.2 
4.8 4.92632 5.05263 5.17895 5.30526 5.43158 5.55789 5.68421 5.81053 5.93684 6.06316 6.18947 6.31579 6.44211 6.56842 6.69474 6.82105 6.94737 7.07368 7.2 
8.8 9.03158 9.26316 9.49474 9.72632 9.95789 10.1895 10.4211 10.6526 10.8842 11.1158 11.3474 11.5789 11.8105 12.0421 12.2737 12.5053 12.7368 12.9684 13.2 
9.6 9.85263 10.1053 10.3579 10.6105 10.8632 11.1158 11.3684 11.6211 11.8737 12.1263 12.3789 12.6316 12.8842 13.1368 13.3895 13.6421 13.8947 14.1474 14.4 
9.6 9.85263 10.1053 10.3579 10.6105 10.8632 11.1158 11.3684 11.6211 11.8737 12.1263 12.3789 12.6316 12.8842 13.1368 13.3895 13.6421 13.8947 14.1474 14.4 
4.8 4.92632 5.05263 5.17895 5.30526 5.43158 5.55789 5.68421 5.81053 5.93684 6.06316 6.18947 6.31579 6.44211 6.56842 6.69474 6.82105 6.94737 7.07368 7.2 
3.2 3.28421 3.36842 3.45263 3.53684 3.62105 3.70526 3.78947 3.87368 3.95789 4.04211 4.12632 4.21053 4.29474 4.37895 4.46316 4.54737 4.63158 4.71579 4.8 
0.8 0.821053 0.842105 0.863158 0.884211 0.905263 0.926316 0.947368 0.968421 0.989474 1.01053 1.03158 1.05263 1.07368 1.09474 1.11579 1.13684 1.15789 1.17895 1.2 
10.4 10.6737 10.9474 11.2211 11.4947 11.7684 12.0421 12.3158 12.5895 12.8632 13.1368 13.4105 13.6842 13.9579 14.2316 14.5053 14.7789 15.0526 15.3263 15.6 
1.6 1.64211 1.68421 1.72632 1.76842 1.81053 1.85263 1.89474 1.93684 1.97895 2.02105 2.06316 2.10526 2.14737 2.18947 2.23158 2.27368 2.31579 2.35789 2.4 
0.8 0.821053 0.842105 0.863158 0.884211 0.905263 0.926316 0.947368 0.968421 0.989474 1.01053 1.03158 1.05263 1.07368 1.09474 1.11579 1.13684 1.15789 1.17895 1.2 
10.4 10.6737 10.9474 11.2211 11.4947 11.7684 12.0421 12.3158 12.5895 12.8632 13.1368 13.4105 13.6842 13.9579 14.2316 14.5053 14.7789 15.0526 15.3263 15.6 
2.4 2.46316 2.52632 2.58947 2.65263 2.71579 2.77895 2.84211 2.90526 2.96842 3.03158 3.09474 3.15789 3.22105 3.28421 3.34737 3.41053 3.47368 3.53684 3.6 
6.4 6.56842 6.73684 6.90526 7.07368 7.24211 7.41053 7.57895 7.74737 7.91579 8.08421 8.25263 8.42105 8.58947 8.75789 8.92632 9.09474 9.26316 9.43158 9.6 
4.8 4.92632 5.05263 5.17895 5.30526 5.43158 5.55789 5.68421 5.81053 5.93684 6.06316 6.18947 6.31579 6.44211 6.56842 6.69474 6.82105 6.94737 7.07368 7.2 
5.6 5.74737 5.89474 6.04211 6.18947 6.33684 6.48421 6.63158 6.77895 6.92632 7.07368 7.22105 7.36842 7.51579 7.66316 7.81053 7.95789 8.10526 8.25263 8.4 
1.6 1.64211 1.68421 1.72632 1.76842 1.81053 1.85263 1.89474 1.93684 1.97895 2.02105 2.06316 2.10526 2.14737 2.18947 2.23158 2.27368 2.31579 2.35789 2.4 
12 12.3158 12.6316 12.9474 13.2632 13.5789 13.8947 14.2105 14.5263 14.8421 15.1579 15.4737 15.7895 16.1053 16.4211 16.7368 17.0526 17.3684 17.6842 18 
6.4 6.56842 6.73684 6.90526 7.07368 7.24211 7.41053 7.57895 7.74737 7.91579 8.08421 8.25263 8.42105 8.58947 8.75789 8.92632 9.09474 9.26316 9.43158 9.6 
5.6 5.74737 5.89474 6.04211 6.18947 6.33684 6.48421 6.63158 6.77895 6.92632 7.07368 7.22105 7.36842 7.51579 7.66316 7.81053 7.95789 8.10526 8.25263 8.4 
12 12.3158 12.6316 12.9474 13.2632 13.5789 13.8947 14.2105 14.5263 14.8421 15.1579 15.4737 15.7895 16.1053 16.4211 16.7368 17.0526 17.3684 17.6842 18 
4.8 4.92632 5.05263 5.17895 5.30526 5.43158 5.55789 5.68421 5.81053 5.93684 6.06316 6.18947 6.31579 6.44211 6.56842 6.69474 6.82105 6.94737 7.07368 7.2 
1.6 1.64211 1.68421 1.72632 1.76842 1.81053 1.85263 1.89474 1.93684 1.97895 2.02105 2.06316 2.10526 2.14737 2.18947 2.23158 2.27368 2.31579 2.35789 2.4 
4.8 4.92632 5.05263 5.17895 5.30526 5.43158 5.55789 5.68421 5.81053 5.93684 6.06316 6.18947 6.31579 6.44211 6.56842 6.69474 6.82105 6.94737 7.07368 7.2 
1.6 1.64211 1.68421 1.72632 1.76842 1.81053 1.85263 1.89474 1.93684 1.97895 2.02105 2.06316 2.10526 2.14737 2.18947 2.23158 2.27368 2.31579 2.35789 2.4 
6.4 6.56842 6.73684 6.90526 7.07368 7.24211 7.41053 7.57895 7.74737 7.91579 8.08421 8.25263 8.42105 8.58947 8.75789 8.92632 9.09474 9.26316 9.43158 9.6 
10.4 10.6737 10.9474 11.2211 11.4947 11.7684 12.0421 12.3158 12.5895 12.8632 13.1368 13.4105 13.6842 13.9579 14.2316 14.5053 14.7789 15.0526 15.3263 15.6 
12 12.3158 12.6316 12.9474 13.2632 13.5789 13.8947 14.2105 14.5263 14.8421 15.1579 15.4737 15.7895 16.1053 16.4211 16.7368 17.0526 17.3684 17.6842 18 
7.2 7.38947 7.57895 7.76842 7.95789 8.14737 8.33684 8.52632 8.71579 8.90526 9.09474 9.28421 9.47368 9.66316 9.85263 10.0421 10.2316 10.4211 10.6105 10.8 
2.4 2.46316 2.52632 2.58947 2.65263 2.71579 2.77895 2.84211 2.90526 2.96842 3.03158 3.09474 3.15789 3.22105 3.28421 3.34737 3.41053 3.47368 3.53684 3.6 
0.8 0.821053 0.842105 0.863158 0.884211 0.905263 0.926316 0.947368 0.968421 0.989474 1.01053 1.03158 1.05263 1.07368 1.09474 1.11579 1.13684 1.15789 1.17895 1.2 
11.2 11.4947 11.7895 12.0842 12.3789 12.6737 12.9684 13.2632 13.5579 13.8526 14.1474 14.4421 14.7368 15.0316 15.3263 15.6211 15.9158 16.2105 16.5053 16.8 
11.2 11.4947 11.7895 12.0842 12.3789 12.6737 12.9684 13.2632 13.5579 13.8526 14.1474 14.4421 14.7368 15.0316 15.3263 15.6211 15.9158 16.2105 16.5053 16.8 
6.4 6.56842 6.73684 6.90526 7.07368 7.24211 7.41053 7.57895 7.74737 7.91579 8.08421 8.25263 8.42105 8.58947 8.75789 8.92632 9.09474 9.26316 9.43158 9.6 
5.6 5.74737 5.89474 6.04211 6.18947 6.33684 6.48421 6.63158 6.77895 6.92632 7.07368 7.22105 7.36842 7.51579 7.66316 7.81053 7.95789 8.10526 8.25263 8.4 
8 8.21053 8.42105 8.63158 8.84211 9.05263 9.26316 9.47368 9.68421 9.89474 10.1053 10.3158 10.5263 10.7368 10.9474 11.1579 11.3684 11.5789 11.7895 12 
5.6 5.74737 5.89474 6.04211 6.18947 6.33684 6.48421 6.63158 6.77895 6.92632 7.07368 7.22105 7.36842 7.51579 7.66316 7.81053 7.95789 8.10526 8.25263 8.4 
4.8 4.92632 5.05263 5.17895 5.30526 5.43158 5.55789 5.68421 5.81053 5.93684 6.06316 6.18947 6.31579 6.44211 6.56842 6.69474 6.82105 6.94737 7.07368 7.2 
10.4 10.6737 10.9474 11.2211 11.4947 11.7684 12.0421 12.3158 12.5895 12.8632 13.1368 13.4105 13.6842 13.9579 14.2316 14.5053 14.7789 15.0526 15.3263 15.6 
5.6 5.74737 5.89474 6.04211 6.18947 6.33684 6.48421 6.63158 6.77895 6.92632 7.07368 7.22105 7.36842 7.51579 7.66316 7.81053 7.95789 8.10526 8.25263 8.4 
5.6 5.74737 5.89474 6.04211 6.18947 6.33684 6.48421 6.63158 6.77895 6.92632 7.07368 7.22105 7.36842 7.51579 7.66316 7.81053 7.95789 8.10526 8.25263 8.4 
12 12.3158 12.6316 12.9474 13.2632 13.5789 13.8947 14.2105 14.5263 14.8421 15.1579 15.4737 15.7895 16.1053 16.4211 16.7368 17.0526 17.3684 17.6842 18 
2.4 2.46316 2.52632 2.58947 2.65263 2.71579 2.77895 2.84211 2.90526 2.96842 3.03158 3.09474 3.15789 3.22105 3.28421 3.34737 3.41053 3.47368 3.53684 3.6 
8 8.21053 8.42105 8.63158 8.84211 9.05263 9.26316 9.47368 9.68421 9.89474 10.1053 10.3158 10.5263 10.7368 10.9474 11.1579 11.3684 11.5789 11.7895 12 
8 8.21053 8.42105 8.63158 8.84211 9.05263 9.26316 9.47368 9.68421 9.89474 10.1053 10.3158 10.5263 10.7368 10.9474 11.1579 11.3684 11.5789 11.7895 12 
6.4 6.56842 6.73684 6.90526 7.07368 7.24211 7.41053 7.57895 7.74737 7.91579 8.08421 8.25263 8.42105 8.58947 8.75789 8.92632 9.09474 9.26316 9.43158 9.6 
3.2 3.28421 3.36842 3.45263 3.53684 3.62105 3.70526 3.78947 3.87368 3.95789 4.04211 4.12632 4.21053 4.29474 4.37895 4.46316 4.54737 4.63158 4.71579 4.8 
4 4.10526 4.21053 4.31579 4.42105 4.52632 4.63158 4.73684 4.84211 4.94737 5.05263 5.15789 5.26316 5.36842 5.47368 5.57895 5.68421 5.78947 5.89474 6 
12 12.3158 12.6316 12.9474 13.2632 13.5789 13.8947 14.2105 14.5263 14.8421 15.1579 15.4737 15.7895 16.1053 16.4211 16.7368 17.0526 17.3684 17.6842 18 
9.6 9.85263 10.1053 10.3579 10.6105 10.8632 11.1158 11.3684 11.6211 11.8737 12.1263 12.3789 12.6316 12.8842 13.1368 13.3895 13.6421 13.8947 14.1474 14.4 
1.6 1.64211 1.68421 1.72632 1.76842 1.81053 1.85263 1.89474 1.93684 1.97895 2.02105 2.06316 2.10526 2.14737 2.18947 2.23158 2.27368 2.31579 2.35789 2.4 
0.8 0.821053 0.842105 0.863158 0.884211 0.905263 0.926316 0.947368 0.968421 0.989474 1.01053 1.03158 1.05263 1.07368 1.09474 1.11579 1.13684 1.15789 1.17895 1.2 
4 4.10526 4.21053 4.31579 4.42105 4.52632 4.63158 4.73684 4.84211 4.94737 5.05263 5.15789 5.26316 5.36842 5.47368 5.57895 5.68421 5.78947 5.89474 6 
4.8 4.92632 5.05263 5.17895 5.30526 5.43158 5.55789 5.68421 5.81053 5.93684 6.06316 6.18947 6.31579 6.44211 6.56842 6.69474 6.82105 6.94737 7.07368 7.2 
7.2 7.38947 7.57895 7.76842 7.95789 8.14737 8.33684 8.52632 8.71579 8.90526 9.09474 9.28421 9.47368 9.66316 9.85263 10.0421 10.2316 10.4211 10.6105 10.8 
0.8 0.821053 0.842105 0.863158 0.884211 0.905263 0.926316 0.947368 0.968421 0.989474 1.01053 1.03158 1.05263 1.07368 1.09474 1.11579 1.13684 1.15789 1.17895 1.2 
12 12.3158 12.6316 12.9474 13.2632 13.5789 13.8947 14.2105 14.5263 14.8421 15.1579 15.4737 15.7895 16.1053 16.4211 16.7368 17.0526 17.3684 17.6842 18 
6.4 6.56842 6.73684 6.90526 7.07368 7.24211 7.41053 7.57895 7.74737 7.91579 8.08421 8.25263 8.42105 8.58947 8.75789 8.92632 9.09474 9.26316 9.43158 9.6 
11.2 11.4947 11.7895 12.0842 12.3789 12.6737 12.9684 13.2632 13.5579 13.8526 14.1474 14.4421 14.7368 15.0316 15.3263 15.6211 15.9158 16.2105 16.5053 16.8 
3.2 3.28421 3.36842 3.45263 3.53684 3.62105 3.70526 3.78947 3.87368 3.95789 4.04211 4.12632 4.21053 4.29474 4.37895 4.46316 4.54737 4.63158 4.71579 4.8 
4.8 4.92632 5.05263 5.17895 5.30526 5.43158 5.55789 5.68421 5.81053 5.93684 6.06316 6.18947 6.31579 6.44211 6.56842 6.69474 6.82105 6.94737 7.07368 7.2 
11.2 11.4947 11.7895 12.0842 12.3789 12.6737 12.9684 13.2632 13.5579 13.8526 14.1474 14.4421 14.7368 15.0316 15.3263 15.6211 15.9158 16.2105 16.5053 16.8 
10.4 10.6737 10.9474 11.2211 11.4947 11.7684 12.0421 12.3158 12.5895 12.8632 13.1368 13.4105 13.6842 13.9579 14.2316 14.5053 14.7789 15.0526 15.3263 15.6 
7.2 7.38947 7.57895 7.76842 7.95789 8.14737 8.33684 8.52632 8.71579 8.90526 9.09474 9.28421 9.47368 9.66316 9.85263 10.0421 10.2316 10.4211 10.6105 10.8 
1.6 1.64211 1.68421 1.72632 1.76842 1.81053 1.85263 1.89474 1.93684 1.97895 2.02105 2.06316 2.10526 2.14737 2.18947 2.23158 2.27368 2.31579 2.35789 2.4 
4.8 4.92632 5.05263 5.17895 5.30526 5.43158 5.55789 5.68421 5.81053 5.93684 6.06316 6.18947 6.31579 6.44211 6.56842 6.69474 6.82105 6.94737 7.07368 7.2 
9.6 9.85263 10.1053 10.3579 10.6105 10.8632 11.1158 11.3684 11.6211 11.8737 12.1263 12.3789 12.6316 12.8842 13.1368 13.3895 13.6421 13.8947 14.1474 14.4 
9.6 9.85263 10.1053 10.3579 10.6105 10.8632 11.1158 11.3684 11.6211 11.8737 12.1263 12.3789 12.6316 12.8842 13.1368 13.3895 13.6421 13.8947 14.1474 14.4 
5.6 5.74737 5.89474 6.04211 6.18947 6.33684 6.48421 6.63158 6.77895 6.92632 7.07368 7.22105 7.36842 7.51579 7.66316 7.81053 7.95789 8.10526 8.25263 8.4 
2.4 2.46316 2.52632 2.58947 2.65263 2.71579 2.77895 2.84211 2.90526 2.96842 3.03158 3.09474 3.15789 3.22105 3.28421 3.34737 3.41053 3.47368 3.53684 3.6 
12 12.3158 12.6316 12.9474 13.2632 13.5789 13.8947 14.2105 14.5263 14.8421 15.1579 15.4737 15.7895 16.1053 16.4211 16.7368 17.0526 17.3684 17.6842 18 
4 4.10526 4.21053 4.31579 4.42105 4.52632 4.63158 4.73684 4.84211 4.94737 5.05263 5.15789 5.26316 5.36842 5.47368 5.57895 5.68421 5.78947 5.89474 6 
6.4 6.56842 6.73684 6.90526 7.07368 7.24211 7.41053 7.57895 7.74737 7.91579 8.08421 8.25263 8.42105 8.58947 8.75789 8.92632 9.09474 9.26316 9.43158 9.6 
9.6 9.85263 10.1053 10.3579 10.6105 10.8632 11.1158 11.3684 11.6211 11.8737 12.1263 12.3789 12.6316 12.8842 13.1368 13.3895 13.6421 13.8947 14.1474 14.4 
0.8 0.821053 0.842105 0.863158 0.884211 0.905263 0.926316 0.947368 0.968421 0.989474 1.01053 1.03158 1.05263 1.07368 1.09474 1.11579 1.13684 1.15789 1.17895 1.2 
3.2 3.28421 3.36842 3.45263 3.53684 3.62105 3.70526 3.78947 3.87368 3.95789 4.04211 4.12632 4.21053 4.29474 4.37895 4.46316 4.54737 4.63158 4.71579 4.8 
11.2 11.4947 11.7895 12.0842 12.3789 12.6737 12.9684 13.2632 13.5579 13.8526 14.1474 14.4421 14.7368 15.0316 15.3263 15.6211 15.9158 16.2105 16.5053 16.8 
5.6 5.74737 5.89474 6.04211 6.18947 6.33684 6.48421 6.63158 6.77895 6.92632 7.07368 7.22105 7.36842 7.51579 7.66316 7.81053 7.95789 8.10526 8.25263 8.4 
4.8 4.92632 5.05263 5.17895 5.30526 5.43158 5.55789 5.68421 5.81053 5.93684 6.06316 6.18947 6.31579 6.44211 6.56842 6.69474 6.82105 6.94737 7.07368 7.2 
11.2 11.4947 11.7895 12.0842 12.3789 12.6737 12.9684 13.2632 13.5579 13.8526 14.1474 14.4421 14.7368 15.0316 15.3263 15.6211 15.9158 16.2105 16.5053 16.8 
0.8 0.821053 0.842105 0.863158 0.884211 0.905263 0.926316 0.947368 0.968421 0.989474 1.01053 1.03158 1.05263 1.07368 1.09474 1.11579 1.13684 1.15789 1.17895 1.2 
8.8 9.03158 9.26316 9.49474 9.72632 9.95789 10.1895 10.4211 10.6526 10.8842 11.1158 11.3474 11.5789 11.8105 12.0421 12.2737 12.5053 12.7368 12.9684 13.2 
5.6 5.74737 5.89474 6.04211 6.18947 6.33684 6.48421 6.63158 6.77895 6.92632 7.07368 7.22105 7.36842 7.51579 7.66316 7.81053 7.95789 8.10526 8.25263 8.4 
9.6 9.85263 10.1053 10.3579 10.6105 10.8632 11.1158 11.3684 11.6211 11.8737 12.1263 12.3789 12.6316 12.8842 13.1368 13.3895 13.6421 13.8947 14.1474 14.4 
3.2 3.28421 3.36842 3.45263 3.53684 3.62105 3.70526 3.78947 3.87368 3.95789 4.04211 4.12632 4.21053 4.29474 4.37895 4.46316 4.54737 4.63158 4.71579 4.8 
4.8 4.92632 5.05263 5.17895 5.30526 5.43158 5.55789 5.68421 5.81053 5.93684 6.06316 6.18947 6.31579 6.44211 6.56842 6.69474 6.82105 6.94737 7.07368 7.2 
5.6 5.74737 5.89474 6.04211 6.18947 6.33684 6.48421 6.63158 6.77895 6.92632 7.07368 7.22105 7.36842 7.51579 7.66316 7.81053 7.95789 8.10526 8.25263 8.4 
4.8 4.92632 5.05263 5.17895 5.30526 5.43158 5.55789 5.68421 5.81053 5.93684 6.06316 6.18947 6.31579 6.44211 6.56842 6.69474 6.82105 6.94737 7.07368 7.2 
0.8 0.821053 0.842105 0.863158 0.884211 0.905263 0.926316 0.947368 0.968421 0.989474 1.01053 1.03158 1.05263 1.07368 1.09474 1.11579 1.13684 1.15789 1.17895 1.2 
12 12.3158 12.6316 12.9474 13.2632 13.5789 13.8947 14.2105 14.5263 14.8421 15.1579 15.4737 15.7895 16.1053 16.4211 16.7368 17.0526 17.3684 17.6842 18 
4 4.10526 4.21053 4.31579 4.42105 4.52632 4.63158 4.73684 4.84211 4.94737 5.05263 5.15789 5.26316 5.36842 5.47368 5.57895 5.68421 5.78947 5.89474 6 
8.8 9.03158 9.26316 9.49474 9.72632 9.95789 10.1895 10.4211 10.6526 10.8842 11.1158 11.3474 11.5789 11.8105 12.0421 12.2737 12.5053 12.7368 12.9684 13.2 
10.4 10.6737 10.9474 11.2211 11.4947 11.7684 12.0421 12.3158 12.5895 12.8632 13.1368 13.4105 13.6842 13.9579 14.2316 14.5053 14.7789 15.0526 15.3263 15.6 
9.6 9.85263 10.1053 10.3579 10.6105 10.8632 11.1158 11.3684 11.6211 11.8737 12.1263 12.3789 12.6316 12.8842 13.1368 13.3895 13.6421 13.8947 14.1474 14.4 
7.2 7.38947 7.57895 7.76842 7.95789 8.14737 8.33684 8.52632 8.71579 8.90526 9.09474 9.28421 9.47368 9.66316 9.85263 10.0421 10.2316 10.4211 10.6105 10.8 
11.2 11.4947 11.7895 12.0842 12.3789 12.6737 12.9684 13.2632 13.5579 13.8526 14.1474 14.4421 14.7368 15.0316 15.3263 15.6211 15.9158 16.2105 16.5053 16.8 
4.8 4.92632 5.05263 5.17895 5.30526 5.43158 5.55789 5.68421 5.81053 5.93684 6.06316 6.18947 6.31579 6.44211 6.56842 6.69474 6.82105 6.94737 7.07368 7.2 
