2 3
11 16
14 23
1.6 2 2.4
11.2 14 16.8
9.6 12 14.4
10.4 13 15.6
9.6 12 14.4
5.6 7 8.4
6.4 8 9.6
4.8 6 7.2
3.2 4 4.8
4 5 6
4 5 6
12 15 18
6.4 8 9.6
4 5 6
7.2 9 10.8
0.8 1 1.2
6.4 8 9.6
11.2 14 16.8
3.2 4 4.8
8.8 11 13.2
0.8 1 1.2
5.6 7 8.4
4.8 6 7.2
8 10 12
5.6 7 8.4
0 5 7
1 5 3
3 5 3
4 5 7
0 7 8
0 8 2
1 8 8
2 8 7
2 9 7
3 6 2
3 9 9
4 9 8
5 9 6
5 10 1
6 10 8
9 10 10
12 13 8
12 16 2
11 18 7
12 19 2
12 20 2
13 19 8
13 20 9
14 21 10
16 21 7
17 18 4
17 19 4
17 21 1
11 23 8
12 23 9
13 24 7
14 24 6
15 24 10
16 23 1
18 23 2
19 22 9
19 23 9
21 22 2
21 24 10
90
200
