10 3
11 15
13 17
4 0
9 2
15 28
17 35
7 2
10 14
7 4
20 41
3.2 4 4.8
4 5 6
2.4 3 3.6
3.2 4 4.8
3.2 4 4.8
1.6 2 2.4
4 5 6
2.4 3 3.6
4 5 6
3.2 4 4.8
0.8 1 1.2
1.6 2 2.4
0.8 1 1.2
2.4 3 3.6
4 5 6
3.2 4 4.8
4 5 6
4 5 6
4 5 6
0.8 1 1.2
3.2 4 4.8
4 5 6
2.4 3 3.6
3.2 4 4.8
0.8 1 1.2
1.6 2 2.4
1.6 2 2.4
0.8 1 1.2
4 5 6
2.4 3 3.6
3.2 4 4.8
3.2 4 4.8
4 5 6
0.8 1 1.2
4 5 6
0.8 1 1.2
1.6 2 2.4
4 5 6
1.6 2 2.4
2.4 3 3.6
4 5 6
2.4 3 3.6
2.4 3 3.6
3.2 4 4.8
4 5 6
0.8 1 1.2
4 5 6
3.2 4 4.8
0.8 1 1.2
0.8 1 1.2
0.8 1 1.2
0.8 1 1.2
3.2 4 4.8
0.8 1 1.2
0.8 1 1.2
1.6 2 2.4
1.6 2 2.4
0.8 1 1.2
4 5 6
4 5 6
1.6 2 2.4
0.8 1 1.2
2.4 3 3.6
4 5 6
4 5 6
2.4 3 3.6
2.4 3 3.6
1.6 2 2.4
3.2 4 4.8
1.6 2 2.4
2.4 3 3.6
4 5 6
1.6 2 2.4
0.8 1 1.2
1.6 2 2.4
1.6 2 2.4
4 5 6
0.8 1 1.2
2.4 3 3.6
1.6 2 2.4
2.4 3 3.6
4 5 6
4 5 6
3.2 4 4.8
2.4 3 3.6
4 5 6
0.8 1 1.2
3.2 4 4.8
3.2 4 4.8
3.2 4 4.8
2.4 3 3.6
3.2 4 4.8
4 5 6
4 5 6
0.8 1 1.2
3.2 4 4.8
3.2 4 4.8
3.2 4 4.8
2.4 3 3.6
0.8 1 1.2
2.4 3 3.6
1.6 2 2.4
4 5 6
0.8 1 1.2
2.4 3 3.6
3.2 4 4.8
0.8 1 1.2
3.2 4 4.8
1.6 2 2.4
0.8 1 1.2
2.4 3 3.6
2.4 3 3.6
2.4 3 3.6
0 3 5
0 6 4
1 4 1
2 3 1
2 5 3
0 7 4
0 9 5
1 7 2
1 9 3
1 10 2
2 9 5
3 9 1
4 9 3
6 9 2
6 10 5
11 14 4
11 16 2
12 14 4
13 19 2
14 17 1
15 18 2
15 19 1
15 20 1
16 17 5
12 23 3
13 21 5
13 23 2
15 23 5
16 21 1
16 22 1
20 21 2
20 23 4
28 30 2
32 36 3
37 40 2
37 41 1
38 39 5
37 42 2
37 44 2
38 43 3
37 46 4
38 47 5
39 46 4
39 47 3
41 46 3
42 47 4
43 45 2
44 47 1
37 49 3
37 50 3
37 51 1
40 48 3
42 49 4
42 51 4
43 48 4
43 50 3
43 51 4
44 49 5
44 51 3
45 51 2
46 51 5
47 51 3
52 57 5
52 58 4
52 59 2
52 60 2
53 57 1
53 60 2
54 57 4
56 60 2
52 65 4
53 62 4
53 63 4
54 64 1
55 62 4
55 63 4
56 65 2
57 62 2
57 65 1
58 62 5
59 63 3
60 62 2
60 63 4
60 65 4
52 66 1
52 67 1
55 67 5
55 68 2
56 68 1
58 66 5
59 67 5
59 68 4
60 66 3
63 66 2
63 67 1
64 67 2
64 68 2
69 75 2
70 73 1
76 79 3
76 81 2
76 82 4
77 80 4
77 81 2
78 81 4
76 83 2
79 84 3
80 84 4
81 83 5
82 83 5
82 84 4
81 85 2
82 85 3
86 90 3
86 91 1
86 92 2
87 90 2
93 97 2
95 96 3
93 102 1
93 103 5
95 101 2
96 101 2
96 103 3
100 102 2
93 104 2
93 105 3
94 105 1
94 108 3
95 105 5
96 106 2
96 107 2
96 108 5
97 104 2
99 106 4
100 104 3
100 105 4
100 107 4
101 107 5
102 104 3
102 106 1
102 107 5
102 108 2
103 108 3
94 110 4
95 112 2
99 110 5
99 111 4
99 112 2
100 109 2
101 109 4
101 111 1
102 111 4
102 112 4
104 109 4
106 109 4
106 112 1
108 109 5
50
