15 10
6 4
11 11
16 40
15 28
11 12
6 4
7 5
12 15
14 18
9 7
17 38
16 34
13 20
14 24
8 5
5.6 5.91111 6.22222 6.53333 6.84444 7.15556 7.46667 7.77778 8.08889 8.4 
2.4 2.53333 2.66667 2.8 2.93333 3.06667 3.2 3.33333 3.46667 3.6 
0.8 0.844444 0.888889 0.933333 0.977778 1.02222 1.06667 1.11111 1.15556 1.2 
6.4 6.75556 7.11111 7.46667 7.82222 8.17778 8.53333 8.88889 9.24444 9.6 
6.4 6.75556 7.11111 7.46667 7.82222 8.17778 8.53333 8.88889 9.24444 9.6 
1.6 1.68889 1.77778 1.86667 1.95556 2.04444 2.13333 2.22222 2.31111 2.4 
8 8.44444 8.88889 9.33333 9.77778 10.2222 10.6667 11.1111 11.5556 12 
10.4 10.9778 11.5556 12.1333 12.7111 13.2889 13.8667 14.4444 15.0222 15.6 
4 4.22222 4.44444 4.66667 4.88889 5.11111 5.33333 5.55556 5.77778 6 
0.8 0.844444 0.888889 0.933333 0.977778 1.02222 1.06667 1.11111 1.15556 1.2 
3.2 3.37778 3.55556 3.73333 3.91111 4.08889 4.26667 4.44444 4.62222 4.8 
12 12.6667 13.3333 14 14.6667 15.3333 16 16.6667 17.3333 18 
8 8.44444 8.88889 9.33333 9.77778 10.2222 10.6667 11.1111 11.5556 12 
9.6 10.1333 10.6667 11.2 11.7333 12.2667 12.8 13.3333 13.8667 14.4 
9.6 10.1333 10.6667 11.2 11.7333 12.2667 12.8 13.3333 13.8667 14.4 
6.4 6.75556 7.11111 7.46667 7.82222 8.17778 8.53333 8.88889 9.24444 9.6 
10.4 10.9778 11.5556 12.1333 12.7111 13.2889 13.8667 14.4444 15.0222 15.6 
5.6 5.91111 6.22222 6.53333 6.84444 7.15556 7.46667 7.77778 8.08889 8.4 
4.8 5.06667 5.33333 5.6 5.86667 6.13333 6.4 6.66667 6.93333 7.2 
0.8 0.844444 0.888889 0.933333 0.977778 1.02222 1.06667 1.11111 1.15556 1.2 
10.4 10.9778 11.5556 12.1333 12.7111 13.2889 13.8667 14.4444 15.0222 15.6 
6.4 6.75556 7.11111 7.46667 7.82222 8.17778 8.53333 8.88889 9.24444 9.6 
12 12.6667 13.3333 14 14.6667 15.3333 16 16.6667 17.3333 18 
0.8 0.844444 0.888889 0.933333 0.977778 1.02222 1.06667 1.11111 1.15556 1.2 
10.4 10.9778 11.5556 12.1333 12.7111 13.2889 13.8667 14.4444 15.0222 15.6 
9.6 10.1333 10.6667 11.2 11.7333 12.2667 12.8 13.3333 13.8667 14.4 
4 4.22222 4.44444 4.66667 4.88889 5.11111 5.33333 5.55556 5.77778 6 
8.8 9.28889 9.77778 10.2667 10.7556 11.2444 11.7333 12.2222 12.7111 13.2 
8.8 9.28889 9.77778 10.2667 10.7556 11.2444 11.7333 12.2222 12.7111 13.2 
11.2 11.8222 12.4444 13.0667 13.6889 14.3111 14.9333 15.5556 16.1778 16.8 
12 12.6667 13.3333 14 14.6667 15.3333 16 16.6667 17.3333 18 
3.2 3.37778 3.55556 3.73333 3.91111 4.08889 4.26667 4.44444 4.62222 4.8 
12 12.6667 13.3333 14 14.6667 15.3333 16 16.6667 17.3333 18 
9.6 10.1333 10.6667 11.2 11.7333 12.2667 12.8 13.3333 13.8667 14.4 
8.8 9.28889 9.77778 10.2667 10.7556 11.2444 11.7333 12.2222 12.7111 13.2 
0.8 0.844444 0.888889 0.933333 0.977778 1.02222 1.06667 1.11111 1.15556 1.2 
7.2 7.6 8 8.4 8.8 9.2 9.6 10 10.4 10.8 
8 8.44444 8.88889 9.33333 9.77778 10.2222 10.6667 11.1111 11.5556 12 
4.8 5.06667 5.33333 5.6 5.86667 6.13333 6.4 6.66667 6.93333 7.2 
5.6 5.91111 6.22222 6.53333 6.84444 7.15556 7.46667 7.77778 8.08889 8.4 
9.6 10.1333 10.6667 11.2 11.7333 12.2667 12.8 13.3333 13.8667 14.4 
2.4 2.53333 2.66667 2.8 2.93333 3.06667 3.2 3.33333 3.46667 3.6 
4 4.22222 4.44444 4.66667 4.88889 5.11111 5.33333 5.55556 5.77778 6 
5.6 5.91111 6.22222 6.53333 6.84444 7.15556 7.46667 7.77778 8.08889 8.4 
10.4 10.9778 11.5556 12.1333 12.7111 13.2889 13.8667 14.4444 15.0222 15.6 
7.2 7.6 8 8.4 8.8 9.2 9.6 10 10.4 10.8 
4 4.22222 4.44444 4.66667 4.88889 5.11111 5.33333 5.55556 5.77778 6 
12 12.6667 13.3333 14 14.6667 15.3333 16 16.6667 17.3333 18 
3.2 3.37778 3.55556 3.73333 3.91111 4.08889 4.26667 4.44444 4.62222 4.8 
10.4 10.9778 11.5556 12.1333 12.7111 13.2889 13.8667 14.4444 15.0222 15.6 
8 8.44444 8.88889 9.33333 9.77778 10.2222 10.6667 11.1111 11.5556 12 
0.8 0.844444 0.888889 0.933333 0.977778 1.02222 1.06667 1.11111 1.15556 1.2 
0.8 0.844444 0.888889 0.933333 0.977778 1.02222 1.06667 1.11111 1.15556 1.2 
9.6 10.1333 10.6667 11.2 11.7333 12.2667 12.8 13.3333 13.8667 14.4 
4.8 5.06667 5.33333 5.6 5.86667 6.13333 6.4 6.66667 6.93333 7.2 
0.8 0.844444 0.888889 0.933333 0.977778 1.02222 1.06667 1.11111 1.15556 1.2 
11.2 11.8222 12.4444 13.0667 13.6889 14.3111 14.9333 15.5556 16.1778 16.8 
4.8 5.06667 5.33333 5.6 5.86667 6.13333 6.4 6.66667 6.93333 7.2 
6.4 6.75556 7.11111 7.46667 7.82222 8.17778 8.53333 8.88889 9.24444 9.6 
4.8 5.06667 5.33333 5.6 5.86667 6.13333 6.4 6.66667 6.93333 7.2 
5.6 5.91111 6.22222 6.53333 6.84444 7.15556 7.46667 7.77778 8.08889 8.4 
12 12.6667 13.3333 14 14.6667 15.3333 16 16.6667 17.3333 18 
10.4 10.9778 11.5556 12.1333 12.7111 13.2889 13.8667 14.4444 15.0222 15.6 
8.8 9.28889 9.77778 10.2667 10.7556 11.2444 11.7333 12.2222 12.7111 13.2 
4 4.22222 4.44444 4.66667 4.88889 5.11111 5.33333 5.55556 5.77778 6 
10.4 10.9778 11.5556 12.1333 12.7111 13.2889 13.8667 14.4444 15.0222 15.6 
8 8.44444 8.88889 9.33333 9.77778 10.2222 10.6667 11.1111 11.5556 12 
3.2 3.37778 3.55556 3.73333 3.91111 4.08889 4.26667 4.44444 4.62222 4.8 
4 4.22222 4.44444 4.66667 4.88889 5.11111 5.33333 5.55556 5.77778 6 
1.6 1.68889 1.77778 1.86667 1.95556 2.04444 2.13333 2.22222 2.31111 2.4 
9.6 10.1333 10.6667 11.2 11.7333 12.2667 12.8 13.3333 13.8667 14.4 
12 12.6667 13.3333 14 14.6667 15.3333 16 16.6667 17.3333 18 
5.6 5.91111 6.22222 6.53333 6.84444 7.15556 7.46667 7.77778 8.08889 8.4 
0.8 0.844444 0.888889 0.933333 0.977778 1.02222 1.06667 1.11111 1.15556 1.2 
2.4 2.53333 2.66667 2.8 2.93333 3.06667 3.2 3.33333 3.46667 3.6 
11.2 11.8222 12.4444 13.0667 13.6889 14.3111 14.9333 15.5556 16.1778 16.8 
8.8 9.28889 9.77778 10.2667 10.7556 11.2444 11.7333 12.2222 12.7111 13.2 
8.8 9.28889 9.77778 10.2667 10.7556 11.2444 11.7333 12.2222 12.7111 13.2 
2.4 2.53333 2.66667 2.8 2.93333 3.06667 3.2 3.33333 3.46667 3.6 
4 4.22222 4.44444 4.66667 4.88889 5.11111 5.33333 5.55556 5.77778 6 
12 12.6667 13.3333 14 14.6667 15.3333 16 16.6667 17.3333 18 
4 4.22222 4.44444 4.66667 4.88889 5.11111 5.33333 5.55556 5.77778 6 
2.4 2.53333 2.66667 2.8 2.93333 3.06667 3.2 3.33333 3.46667 3.6 
7.2 7.6 8 8.4 8.8 9.2 9.6 10 10.4 10.8 
2.4 2.53333 2.66667 2.8 2.93333 3.06667 3.2 3.33333 3.46667 3.6 
5.6 5.91111 6.22222 6.53333 6.84444 7.15556 7.46667 7.77778 8.08889 8.4 
8.8 9.28889 9.77778 10.2667 10.7556 11.2444 11.7333 12.2222 12.7111 13.2 
4 4.22222 4.44444 4.66667 4.88889 5.11111 5.33333 5.55556 5.77778 6 
8.8 9.28889 9.77778 10.2667 10.7556 11.2444 11.7333 12.2222 12.7111 13.2 
12 12.6667 13.3333 14 14.6667 15.3333 16 16.6667 17.3333 18 
7.2 7.6 8 8.4 8.8 9.2 9.6 10 10.4 10.8 
9.6 10.1333 10.6667 11.2 11.7333 12.2667 12.8 13.3333 13.8667 14.4 
11.2 11.8222 12.4444 13.0667 13.6889 14.3111 14.9333 15.5556 16.1778 16.8 
3.2 3.37778 3.55556 3.73333 3.91111 4.08889 4.26667 4.44444 4.62222 4.8 
6.4 6.75556 7.11111 7.46667 7.82222 8.17778 8.53333 8.88889 9.24444 9.6 
5.6 5.91111 6.22222 6.53333 6.84444 7.15556 7.46667 7.77778 8.08889 8.4 
4 4.22222 4.44444 4.66667 4.88889 5.11111 5.33333 5.55556 5.77778 6 
2.4 2.53333 2.66667 2.8 2.93333 3.06667 3.2 3.33333 3.46667 3.6 
8.8 9.28889 9.77778 10.2667 10.7556 11.2444 11.7333 12.2222 12.7111 13.2 
10.4 10.9778 11.5556 12.1333 12.7111 13.2889 13.8667 14.4444 15.0222 15.6 
2.4 2.53333 2.66667 2.8 2.93333 3.06667 3.2 3.33333 3.46667 3.6 
11.2 11.8222 12.4444 13.0667 13.6889 14.3111 14.9333 15.5556 16.1778 16.8 
4.8 5.06667 5.33333 5.6 5.86667 6.13333 6.4 6.66667 6.93333 7.2 
8 8.44444 8.88889 9.33333 9.77778 10.2222 10.6667 11.1111 11.5556 12 
8.8 9.28889 9.77778 10.2667 10.7556 11.2444 11.7333 12.2222 12.7111 13.2 
10.4 10.9778 11.5556 12.1333 12.7111 13.2889 13.8667 14.4444 15.0222 15.6 
1.6 1.68889 1.77778 1.86667 1.95556 2.04444 2.13333 2.22222 2.31111 2.4 
1.6 1.68889 1.77778 1.86667 1.95556 2.04444 2.13333 2.22222 2.31111 2.4 
12 12.6667 13.3333 14 14.6667 15.3333 16 16.6667 17.3333 18 
1.6 1.68889 1.77778 1.86667 1.95556 2.04444 2.13333 2.22222 2.31111 2.4 
10.4 10.9778 11.5556 12.1333 12.7111 13.2889 13.8667 14.4444 15.0222 15.6 
10.4 10.9778 11.5556 12.1333 12.7111 13.2889 13.8667 14.4444 15.0222 15.6 
5.6 5.91111 6.22222 6.53333 6.84444 7.15556 7.46667 7.77778 8.08889 8.4 
4.8 5.06667 5.33333 5.6 5.86667 6.13333 6.4 6.66667 6.93333 7.2 
8 8.44444 8.88889 9.33333 9.77778 10.2222 10.6667 11.1111 11.5556 12 
7.2 7.6 8 8.4 8.8 9.2 9.6 10 10.4 10.8 
12 12.6667 13.3333 14 14.6667 15.3333 16 16.6667 17.3333 18 
4.8 5.06667 5.33333 5.6 5.86667 6.13333 6.4 6.66667 6.93333 7.2 
8.8 9.28889 9.77778 10.2667 10.7556 11.2444 11.7333 12.2222 12.7111 13.2 
4 4.22222 4.44444 4.66667 4.88889 5.11111 5.33333 5.55556 5.77778 6 
9.6 10.1333 10.6667 11.2 11.7333 12.2667 12.8 13.3333 13.8667 14.4 
10.4 10.9778 11.5556 12.1333 12.7111 13.2889 13.8667 14.4444 15.0222 15.6 
0.8 0.844444 0.888889 0.933333 0.977778 1.02222 1.06667 1.11111 1.15556 1.2 
11.2 11.8222 12.4444 13.0667 13.6889 14.3111 14.9333 15.5556 16.1778 16.8 
12 12.6667 13.3333 14 14.6667 15.3333 16 16.6667 17.3333 18 
4 4.22222 4.44444 4.66667 4.88889 5.11111 5.33333 5.55556 5.77778 6 
4 4.22222 4.44444 4.66667 4.88889 5.11111 5.33333 5.55556 5.77778 6 
8.8 9.28889 9.77778 10.2667 10.7556 11.2444 11.7333 12.2222 12.7111 13.2 
8.8 9.28889 9.77778 10.2667 10.7556 11.2444 11.7333 12.2222 12.7111 13.2 
8.8 9.28889 9.77778 10.2667 10.7556 11.2444 11.7333 12.2222 12.7111 13.2 
11.2 11.8222 12.4444 13.0667 13.6889 14.3111 14.9333 15.5556 16.1778 16.8 
6.4 6.75556 7.11111 7.46667 7.82222 8.17778 8.53333 8.88889 9.24444 9.6 
7.2 7.6 8 8.4 8.8 9.2 9.6 10 10.4 10.8 
0.8 0.844444 0.888889 0.933333 0.977778 1.02222 1.06667 1.11111 1.15556 1.2 
2.4 2.53333 2.66667 2.8 2.93333 3.06667 3.2 3.33333 3.46667 3.6 
0.8 0.844444 0.888889 0.933333 0.977778 1.02222 1.06667 1.11111 1.15556 1.2 
8 8.44444 8.88889 9.33333 9.77778 10.2222 10.6667 11.1111 11.5556 12 
2.4 2.53333 2.66667 2.8 2.93333 3.06667 3.2 3.33333 3.46667 3.6 
2.4 2.53333 2.66667 2.8 2.93333 3.06667 3.2 3.33333 3.46667 3.6 
9.6 10.1333 10.6667 11.2 11.7333 12.2667 12.8 13.3333 13.8667 14.4 
12 12.6667 13.3333 14 14.6667 15.3333 16 16.6667 17.3333 18 
9.6 10.1333 10.6667 11.2 11.7333 12.2667 12.8 13.3333 13.8667 14.4 
8.8 9.28889 9.77778 10.2667 10.7556 11.2444 11.7333 12.2222 12.7111 13.2 
7.2 7.6 8 8.4 8.8 9.2 9.6 10 10.4 10.8 
8 8.44444 8.88889 9.33333 9.77778 10.2222 10.6667 11.1111 11.5556 12 
2.4 2.53333 2.66667 2.8 2.93333 3.06667 3.2 3.33333 3.46667 3.6 
10.4 10.9778 11.5556 12.1333 12.7111 13.2889 13.8667 14.4444 15.0222 15.6 
3.2 3.37778 3.55556 3.73333 3.91111 4.08889 4.26667 4.44444 4.62222 4.8 
12 12.6667 13.3333 14 14.6667 15.3333 16 16.6667 17.3333 18 
10.4 10.9778 11.5556 12.1333 12.7111 13.2889 13.8667 14.4444 15.0222 15.6 
8.8 9.28889 9.77778 10.2667 10.7556 11.2444 11.7333 12.2222 12.7111 13.2 
4 4.22222 4.44444 4.66667 4.88889 5.11111 5.33333 5.55556 5.77778 6 
4.8 5.06667 5.33333 5.6 5.86667 6.13333 6.4 6.66667 6.93333 7.2 
3.2 3.37778 3.55556 3.73333 3.91111 4.08889 4.26667 4.44444 4.62222 4.8 
2.4 2.53333 2.66667 2.8 2.93333 3.06667 3.2 3.33333 3.46667 3.6 
3.2 3.37778 3.55556 3.73333 3.91111 4.08889 4.26667 4.44444 4.62222 4.8 
8.8 9.28889 9.77778 10.2667 10.7556 11.2444 11.7333 12.2222 12.7111 13.2 
7.2 7.6 8 8.4 8.8 9.2 9.6 10 10.4 10.8 
1.6 1.68889 1.77778 1.86667 1.95556 2.04444 2.13333 2.22222 2.31111 2.4 
8.8 9.28889 9.77778 10.2667 10.7556 11.2444 11.7333 12.2222 12.7111 13.2 
7.2 7.6 8 8.4 8.8 9.2 9.6 10 10.4 10.8 
4 4.22222 4.44444 4.66667 4.88889 5.11111 5.33333 5.55556 5.77778 6 
3.2 3.37778 3.55556 3.73333 3.91111 4.08889 4.26667 4.44444 4.62222 4.8 
3.2 3.37778 3.55556 3.73333 3.91111 4.08889 4.26667 4.44444 4.62222 4.8 
5.6 5.91111 6.22222 6.53333 6.84444 7.15556 7.46667 7.77778 8.08889 8.4 
5.6 5.91111 6.22222 6.53333 6.84444 7.15556 7.46667 7.77778 8.08889 8.4 
12 12.6667 13.3333 14 14.6667 15.3333 16 16.6667 17.3333 18 
12 12.6667 13.3333 14 14.6667 15.3333 16 16.6667 17.3333 18 
4.8 5.06667 5.33333 5.6 5.86667 6.13333 6.4 6.66667 6.93333 7.2 
6.4 6.75556 7.11111 7.46667 7.82222 8.17778 8.53333 8.88889 9.24444 9.6 
10.4 10.9778 11.5556 12.1333 12.7111 13.2889 13.8667 14.4444 15.0222 15.6 
4 4.22222 4.44444 4.66667 4.88889 5.11111 5.33333 5.55556 5.77778 6 
4 4.22222 4.44444 4.66667 4.88889 5.11111 5.33333 5.55556 5.77778 6 
9.6 10.1333 10.6667 11.2 11.7333 12.2667 12.8 13.3333 13.8667 14.4 
9.6 10.1333 10.6667 11.2 11.7333 12.2667 12.8 13.3333 13.8667 14.4 
0 1 1
0 2 3
1 5 4
3 5 10
6 8 6
6 12 4
6 13 7
6 15 4
7 12 1
8 12 4
9 12 9
9 13 5
10 14 6
11 12 2
11 15 7
17 22 5
18 21 6
19 22 1
17 25 1
18 25 10
18 27 7
19 23 9
19 26 8
19 27 6
20 23 8
20 24 5
20 25 5
21 24 4
21 26 4
22 24 1
22 27 4
17 28 5
17 29 2
17 30 1
20 28 1
21 28 7
22 30 1
24 28 1
25 28 4
25 30 6
27 28 5
27 30 6
17 31 3
18 31 5
18 32 5
20 32 10
21 31 5
21 32 10
22 32 6
25 31 5
25 32 2
26 31 7
26 32 3
27 31 9
29 31 3
34 37 7
33 38 6
33 41 10
33 42 1
34 38 8
34 39 3
34 40 1
34 41 4
35 39 6
35 41 1
36 38 10
33 43 5
33 45 9
34 43 7
35 43 7
37 43 8
38 45 10
39 43 5
41 44 4
33 47 6
34 47 2
35 46 4
37 46 2
38 47 2
39 46 4
39 47 3
40 46 10
43 46 7
48 54 6
51 55 4
52 54 6
52 55 2
52 56 4
48 58 4
49 57 9
50 57 8
51 57 3
52 58 1
54 58 5
56 57 6
59 60 5
59 61 5
60 62 7
59 63 4
65 68 10
65 69 6
65 70 2
67 71 8
68 71 8
73 77 10
72 79 4
74 79 7
76 78 8
77 79 8
72 81 5
75 81 7
76 81 2
78 81 2
72 83 3
75 82 6
76 83 6
78 82 3
80 82 10
81 82 7
84 90 9
85 90 2
87 90 2
88 90 9
84 95 5
88 92 9
90 91 3
90 92 4
90 94 2
90 95 4
84 96 3
86 96 1
89 96 6
92 96 5
85 97 2
87 97 7
93 97 10
96 97 7
98 103 10
99 105 8
99 106 9
100 105 2
101 105 1
101 106 9
103 104 5
107 114 3
108 112 7
108 114 4
110 114 6
111 113 3
107 115 3
107 116 10
111 116 2
112 115 9
113 116 9
107 117 8
110 119 1
111 119 8
112 117 10
113 117 8
113 119 8
114 118 8
115 118 7
116 119 8
107 120 6
107 123 10
108 121 8
108 123 4
109 120 4
109 122 4
110 121 4
111 120 10
111 122 1
112 121 2
113 121 6
113 122 3
114 122 4
115 121 9
115 122 6
116 121 7
118 120 6
119 120 1
119 123 3
124 129 1
124 130 8
126 129 1
127 130 9
127 131 3
128 129 7
128 131 2
125 132 5
127 132 5
128 132 5
128 133 5
130 133 4
124 136 3
125 134 10
128 135 2
128 136 4
130 135 9
131 135 10
133 134 3
125 138 4
126 137 10
126 138 2
126 139 3
128 139 2
130 137 8
131 137 2
131 139 7
132 139 5
133 137 6
133 138 4
133 139 6
134 137 1
135 138 3
135 139 2
142 144 3
143 145 3
143 146 1
140 148 9
140 150 3
140 151 6
141 147 3
141 150 7
141 151 4
142 151 2
143 147 8
143 151 10
145 147 6
145 150 3
145 151 5
146 147 9
146 149 5
141 152 10
143 152 5
151 152 9
153 156 8
153 157 2
153 160 6
154 156 5
154 157 9
154 158 7
155 158 5
155 160 6
153 164 1
154 161 4
154 164 6
155 162 7
155 163 10
156 165 6
158 161 2
158 164 8
160 161 7
160 162 8
160 163 10
156 166 10
157 166 4
159 166 10
160 166 8
165 166 6
168 170 7
167 173 2
168 173 10
170 171 6
170 173 10
44
52
38
79
282
365
104
182
156
398
243
89
153
254
173
