12 18
14 20
7 5
14 15
12 10
14 20
11 9
10 4
10 11
16 31
2.4 2.57143 2.74286 2.91429 3.08571 3.25714 3.42857 3.6 
6.4 6.85714 7.31429 7.77143 8.22857 8.68571 9.14286 9.6 
4 4.28571 4.57143 4.85714 5.14286 5.42857 5.71429 6 
11.2 12 12.8 13.6 14.4 15.2 16 16.8 
9.6 10.2857 10.9714 11.6571 12.3429 13.0286 13.7143 14.4 
11.2 12 12.8 13.6 14.4 15.2 16 16.8 
3.2 3.42857 3.65714 3.88571 4.11429 4.34286 4.57143 4.8 
8 8.57143 9.14286 9.71429 10.2857 10.8571 11.4286 12 
2.4 2.57143 2.74286 2.91429 3.08571 3.25714 3.42857 3.6 
8.8 9.42857 10.0571 10.6857 11.3143 11.9429 12.5714 13.2 
9.6 10.2857 10.9714 11.6571 12.3429 13.0286 13.7143 14.4 
8.8 9.42857 10.0571 10.6857 11.3143 11.9429 12.5714 13.2 
2.4 2.57143 2.74286 2.91429 3.08571 3.25714 3.42857 3.6 
8.8 9.42857 10.0571 10.6857 11.3143 11.9429 12.5714 13.2 
1.6 1.71429 1.82857 1.94286 2.05714 2.17143 2.28571 2.4 
4.8 5.14286 5.48571 5.82857 6.17143 6.51429 6.85714 7.2 
12 12.8571 13.7143 14.5714 15.4286 16.2857 17.1429 18 
4.8 5.14286 5.48571 5.82857 6.17143 6.51429 6.85714 7.2 
5.6 6 6.4 6.8 7.2 7.6 8 8.4 
3.2 3.42857 3.65714 3.88571 4.11429 4.34286 4.57143 4.8 
4 4.28571 4.57143 4.85714 5.14286 5.42857 5.71429 6 
8.8 9.42857 10.0571 10.6857 11.3143 11.9429 12.5714 13.2 
12 12.8571 13.7143 14.5714 15.4286 16.2857 17.1429 18 
0.8 0.857143 0.914286 0.971429 1.02857 1.08571 1.14286 1.2 
8 8.57143 9.14286 9.71429 10.2857 10.8571 11.4286 12 
8 8.57143 9.14286 9.71429 10.2857 10.8571 11.4286 12 
9.6 10.2857 10.9714 11.6571 12.3429 13.0286 13.7143 14.4 
8 8.57143 9.14286 9.71429 10.2857 10.8571 11.4286 12 
0.8 0.857143 0.914286 0.971429 1.02857 1.08571 1.14286 1.2 
11.2 12 12.8 13.6 14.4 15.2 16 16.8 
0.8 0.857143 0.914286 0.971429 1.02857 1.08571 1.14286 1.2 
8.8 9.42857 10.0571 10.6857 11.3143 11.9429 12.5714 13.2 
6.4 6.85714 7.31429 7.77143 8.22857 8.68571 9.14286 9.6 
9.6 10.2857 10.9714 11.6571 12.3429 13.0286 13.7143 14.4 
5.6 6 6.4 6.8 7.2 7.6 8 8.4 
0.8 0.857143 0.914286 0.971429 1.02857 1.08571 1.14286 1.2 
5.6 6 6.4 6.8 7.2 7.6 8 8.4 
4 4.28571 4.57143 4.85714 5.14286 5.42857 5.71429 6 
4 4.28571 4.57143 4.85714 5.14286 5.42857 5.71429 6 
2.4 2.57143 2.74286 2.91429 3.08571 3.25714 3.42857 3.6 
8.8 9.42857 10.0571 10.6857 11.3143 11.9429 12.5714 13.2 
8.8 9.42857 10.0571 10.6857 11.3143 11.9429 12.5714 13.2 
2.4 2.57143 2.74286 2.91429 3.08571 3.25714 3.42857 3.6 
8.8 9.42857 10.0571 10.6857 11.3143 11.9429 12.5714 13.2 
3.2 3.42857 3.65714 3.88571 4.11429 4.34286 4.57143 4.8 
2.4 2.57143 2.74286 2.91429 3.08571 3.25714 3.42857 3.6 
12 12.8571 13.7143 14.5714 15.4286 16.2857 17.1429 18 
12 12.8571 13.7143 14.5714 15.4286 16.2857 17.1429 18 
9.6 10.2857 10.9714 11.6571 12.3429 13.0286 13.7143 14.4 
4.8 5.14286 5.48571 5.82857 6.17143 6.51429 6.85714 7.2 
12 12.8571 13.7143 14.5714 15.4286 16.2857 17.1429 18 
8 8.57143 9.14286 9.71429 10.2857 10.8571 11.4286 12 
7.2 7.71429 8.22857 8.74286 9.25714 9.77143 10.2857 10.8 
7.2 7.71429 8.22857 8.74286 9.25714 9.77143 10.2857 10.8 
7.2 7.71429 8.22857 8.74286 9.25714 9.77143 10.2857 10.8 
3.2 3.42857 3.65714 3.88571 4.11429 4.34286 4.57143 4.8 
8.8 9.42857 10.0571 10.6857 11.3143 11.9429 12.5714 13.2 
8.8 9.42857 10.0571 10.6857 11.3143 11.9429 12.5714 13.2 
4 4.28571 4.57143 4.85714 5.14286 5.42857 5.71429 6 
12 12.8571 13.7143 14.5714 15.4286 16.2857 17.1429 18 
5.6 6 6.4 6.8 7.2 7.6 8 8.4 
9.6 10.2857 10.9714 11.6571 12.3429 13.0286 13.7143 14.4 
5.6 6 6.4 6.8 7.2 7.6 8 8.4 
8.8 9.42857 10.0571 10.6857 11.3143 11.9429 12.5714 13.2 
11.2 12 12.8 13.6 14.4 15.2 16 16.8 
3.2 3.42857 3.65714 3.88571 4.11429 4.34286 4.57143 4.8 
4.8 5.14286 5.48571 5.82857 6.17143 6.51429 6.85714 7.2 
10.4 11.1429 11.8857 12.6286 13.3714 14.1143 14.8571 15.6 
12 12.8571 13.7143 14.5714 15.4286 16.2857 17.1429 18 
1.6 1.71429 1.82857 1.94286 2.05714 2.17143 2.28571 2.4 
4.8 5.14286 5.48571 5.82857 6.17143 6.51429 6.85714 7.2 
3.2 3.42857 3.65714 3.88571 4.11429 4.34286 4.57143 4.8 
3.2 3.42857 3.65714 3.88571 4.11429 4.34286 4.57143 4.8 
0.8 0.857143 0.914286 0.971429 1.02857 1.08571 1.14286 1.2 
2.4 2.57143 2.74286 2.91429 3.08571 3.25714 3.42857 3.6 
8.8 9.42857 10.0571 10.6857 11.3143 11.9429 12.5714 13.2 
7.2 7.71429 8.22857 8.74286 9.25714 9.77143 10.2857 10.8 
8.8 9.42857 10.0571 10.6857 11.3143 11.9429 12.5714 13.2 
5.6 6 6.4 6.8 7.2 7.6 8 8.4 
11.2 12 12.8 13.6 14.4 15.2 16 16.8 
4.8 5.14286 5.48571 5.82857 6.17143 6.51429 6.85714 7.2 
3.2 3.42857 3.65714 3.88571 4.11429 4.34286 4.57143 4.8 
7.2 7.71429 8.22857 8.74286 9.25714 9.77143 10.2857 10.8 
4.8 5.14286 5.48571 5.82857 6.17143 6.51429 6.85714 7.2 
7.2 7.71429 8.22857 8.74286 9.25714 9.77143 10.2857 10.8 
8 8.57143 9.14286 9.71429 10.2857 10.8571 11.4286 12 
1.6 1.71429 1.82857 1.94286 2.05714 2.17143 2.28571 2.4 
1.6 1.71429 1.82857 1.94286 2.05714 2.17143 2.28571 2.4 
10.4 11.1429 11.8857 12.6286 13.3714 14.1143 14.8571 15.6 
0.8 0.857143 0.914286 0.971429 1.02857 1.08571 1.14286 1.2 
9.6 10.2857 10.9714 11.6571 12.3429 13.0286 13.7143 14.4 
2.4 2.57143 2.74286 2.91429 3.08571 3.25714 3.42857 3.6 
11.2 12 12.8 13.6 14.4 15.2 16 16.8 
5.6 6 6.4 6.8 7.2 7.6 8 8.4 
4 4.28571 4.57143 4.85714 5.14286 5.42857 5.71429 6 
5.6 6 6.4 6.8 7.2 7.6 8 8.4 
4.8 5.14286 5.48571 5.82857 6.17143 6.51429 6.85714 7.2 
12 12.8571 13.7143 14.5714 15.4286 16.2857 17.1429 18 
12 12.8571 13.7143 14.5714 15.4286 16.2857 17.1429 18 
3.2 3.42857 3.65714 3.88571 4.11429 4.34286 4.57143 4.8 
5.6 6 6.4 6.8 7.2 7.6 8 8.4 
4 4.28571 4.57143 4.85714 5.14286 5.42857 5.71429 6 
0.8 0.857143 0.914286 0.971429 1.02857 1.08571 1.14286 1.2 
11.2 12 12.8 13.6 14.4 15.2 16 16.8 
7.2 7.71429 8.22857 8.74286 9.25714 9.77143 10.2857 10.8 
11.2 12 12.8 13.6 14.4 15.2 16 16.8 
12 12.8571 13.7143 14.5714 15.4286 16.2857 17.1429 18 
3.2 3.42857 3.65714 3.88571 4.11429 4.34286 4.57143 4.8 
0.8 0.857143 0.914286 0.971429 1.02857 1.08571 1.14286 1.2 
1.6 1.71429 1.82857 1.94286 2.05714 2.17143 2.28571 2.4 
3.2 3.42857 3.65714 3.88571 4.11429 4.34286 4.57143 4.8 
4 4.28571 4.57143 4.85714 5.14286 5.42857 5.71429 6 
5.6 6 6.4 6.8 7.2 7.6 8 8.4 
0.8 0.857143 0.914286 0.971429 1.02857 1.08571 1.14286 1.2 
5.6 6 6.4 6.8 7.2 7.6 8 8.4 
1.6 1.71429 1.82857 1.94286 2.05714 2.17143 2.28571 2.4 
11.2 12 12.8 13.6 14.4 15.2 16 16.8 
8 8.57143 9.14286 9.71429 10.2857 10.8571 11.4286 12 
10.4 11.1429 11.8857 12.6286 13.3714 14.1143 14.8571 15.6 
4 4.28571 4.57143 4.85714 5.14286 5.42857 5.71429 6 
