100 3
13 13
9 8
8 5
13 23
7 3
10 4
12 22
10 7
9 9
7 3
9 8
6 5
13 14
13 13
18 40
12 16
15 25
9 10
14 20
14 23
11 15
9 11
12 16
10 10
9 8
11 13
11 9
8 4
10 9
15 22
12 16
16 26
8 7
8 7
5 2
8 2
11 7
9 4
18 32
7 2
10 11
12 18
10 13
12 23
7 4
6 3
12 18
8 7
11 12
8 9
11 12
7 5
13 21
12 14
10 15
6 7
14 14
11 13
18 35
11 8
14 20
12 18
13 19
10 10
12 18
12 15
12 17
8 6
6 3
12 13
10 10
13 11
10 14
6 6
5 5
6 5
18 37
9 6
10 9
18 45
11 15
10 7
13 16
9 4
14 24
11 10
12 17
17 28
21 35
6 4
18 36
15 21
8 6
6 5
14 20
11 15
9 7
10 12
11 13
13 18
3.2 4 4.8
1.6 2 2.4
3.2 4 4.8
2.4 3 3.6
3.2 4 4.8
3.2 4 4.8
1.6 2 2.4
0.8 1 1.2
4 5 6
1.6 2 2.4
2.4 3 3.6
2.4 3 3.6
0.8 1 1.2
4 5 6
2.4 3 3.6
3.2 4 4.8
4 5 6
0.8 1 1.2
4 5 6
3.2 4 4.8
1.6 2 2.4
2.4 3 3.6
0.8 1 1.2
3.2 4 4.8
3.2 4 4.8
0.8 1 1.2
2.4 3 3.6
0.8 1 1.2
0.8 1 1.2
2.4 3 3.6
0.8 1 1.2
1.6 2 2.4
4 5 6
0.8 1 1.2
3.2 4 4.8
0.8 1 1.2
3.2 4 4.8
4 5 6
1.6 2 2.4
3.2 4 4.8
1.6 2 2.4
4 5 6
2.4 3 3.6
4 5 6
0.8 1 1.2
0.8 1 1.2
1.6 2 2.4
2.4 3 3.6
0.8 1 1.2
4 5 6
3.2 4 4.8
4 5 6
4 5 6
3.2 4 4.8
4 5 6
4 5 6
0.8 1 1.2
4 5 6
1.6 2 2.4
2.4 3 3.6
4 5 6
1.6 2 2.4
0.8 1 1.2
0.8 1 1.2
4 5 6
0.8 1 1.2
1.6 2 2.4
4 5 6
4 5 6
0.8 1 1.2
1.6 2 2.4
0.8 1 1.2
0.8 1 1.2
1.6 2 2.4
4 5 6
3.2 4 4.8
2.4 3 3.6
2.4 3 3.6
4 5 6
1.6 2 2.4
4 5 6
1.6 2 2.4
0.8 1 1.2
4 5 6
4 5 6
4 5 6
2.4 3 3.6
1.6 2 2.4
0.8 1 1.2
2.4 3 3.6
4 5 6
3.2 4 4.8
1.6 2 2.4
4 5 6
3.2 4 4.8
0.8 1 1.2
1.6 2 2.4
1.6 2 2.4
3.2 4 4.8
0.8 1 1.2
2.4 3 3.6
3.2 4 4.8
4 5 6
3.2 4 4.8
2.4 3 3.6
3.2 4 4.8
2.4 3 3.6
3.2 4 4.8
3.2 4 4.8
3.2 4 4.8
1.6 2 2.4
0.8 1 1.2
1.6 2 2.4
2.4 3 3.6
0.8 1 1.2
1.6 2 2.4
2.4 3 3.6
4 5 6
1.6 2 2.4
4 5 6
4 5 6
3.2 4 4.8
1.6 2 2.4
3.2 4 4.8
0.8 1 1.2
0.8 1 1.2
0.8 1 1.2
3.2 4 4.8
0.8 1 1.2
1.6 2 2.4
2.4 3 3.6
4 5 6
0.8 1 1.2
1.6 2 2.4
4 5 6
4 5 6
2.4 3 3.6
3.2 4 4.8
4 5 6
3.2 4 4.8
0.8 1 1.2
4 5 6
2.4 3 3.6
3.2 4 4.8
3.2 4 4.8
2.4 3 3.6
4 5 6
2.4 3 3.6
1.6 2 2.4
3.2 4 4.8
2.4 3 3.6
1.6 2 2.4
2.4 3 3.6
0.8 1 1.2
1.6 2 2.4
2.4 3 3.6
0.8 1 1.2
0.8 1 1.2
4 5 6
4 5 6
0.8 1 1.2
2.4 3 3.6
4 5 6
0.8 1 1.2
4 5 6
1.6 2 2.4
4 5 6
4 5 6
2.4 3 3.6
0.8 1 1.2
4 5 6
4 5 6
0.8 1 1.2
2.4 3 3.6
1.6 2 2.4
0.8 1 1.2
2.4 3 3.6
2.4 3 3.6
0.8 1 1.2
0.8 1 1.2
0.8 1 1.2
0.8 1 1.2
3.2 4 4.8
4 5 6
4 5 6
2.4 3 3.6
2.4 3 3.6
0.8 1 1.2
2.4 3 3.6
4 5 6
0.8 1 1.2
4 5 6
0.8 1 1.2
0.8 1 1.2
3.2 4 4.8
3.2 4 4.8
4 5 6
3.2 4 4.8
3.2 4 4.8
2.4 3 3.6
1.6 2 2.4
0.8 1 1.2
4 5 6
2.4 3 3.6
4 5 6
4 5 6
1.6 2 2.4
3.2 4 4.8
2.4 3 3.6
1.6 2 2.4
2.4 3 3.6
4 5 6
1.6 2 2.4
2.4 3 3.6
2.4 3 3.6
3.2 4 4.8
4 5 6
1.6 2 2.4
0.8 1 1.2
4 5 6
2.4 3 3.6
0.8 1 1.2
3.2 4 4.8
1.6 2 2.4
4 5 6
3.2 4 4.8
3.2 4 4.8
4 5 6
4 5 6
1.6 2 2.4
1.6 2 2.4
2.4 3 3.6
3.2 4 4.8
2.4 3 3.6
4 5 6
1.6 2 2.4
1.6 2 2.4
0.8 1 1.2
2.4 3 3.6
0.8 1 1.2
3.2 4 4.8
4 5 6
4 5 6
2.4 3 3.6
1.6 2 2.4
4 5 6
3.2 4 4.8
4 5 6
1.6 2 2.4
4 5 6
4 5 6
2.4 3 3.6
0.8 1 1.2
4 5 6
4 5 6
4 5 6
2.4 3 3.6
2.4 3 3.6
4 5 6
4 5 6
0.8 1 1.2
3.2 4 4.8
3.2 4 4.8
3.2 4 4.8
2.4 3 3.6
4 5 6
0.8 1 1.2
3.2 4 4.8
1.6 2 2.4
4 5 6
4 5 6
1.6 2 2.4
0.8 1 1.2
1.6 2 2.4
2.4 3 3.6
1.6 2 2.4
2.4 3 3.6
0.8 1 1.2
3.2 4 4.8
2.4 3 3.6
1.6 2 2.4
1.6 2 2.4
3.2 4 4.8
1.6 2 2.4
1.6 2 2.4
3.2 4 4.8
1.6 2 2.4
0.8 1 1.2
3.2 4 4.8
2.4 3 3.6
3.2 4 4.8
3.2 4 4.8
3.2 4 4.8
3.2 4 4.8
0.8 1 1.2
1.6 2 2.4
1.6 2 2.4
4 5 6
2.4 3 3.6
0.8 1 1.2
4 5 6
3.2 4 4.8
0.8 1 1.2
4 5 6
4 5 6
3.2 4 4.8
0.8 1 1.2
1.6 2 2.4
2.4 3 3.6
3.2 4 4.8
0.8 1 1.2
0.8 1 1.2
4 5 6
4 5 6
1.6 2 2.4
0.8 1 1.2
3.2 4 4.8
4 5 6
1.6 2 2.4
2.4 3 3.6
2.4 3 3.6
1.6 2 2.4
3.2 4 4.8
0.8 1 1.2
2.4 3 3.6
2.4 3 3.6
0.8 1 1.2
0.8 1 1.2
1.6 2 2.4
2.4 3 3.6
3.2 4 4.8
1.6 2 2.4
2.4 3 3.6
1.6 2 2.4
0.8 1 1.2
0.8 1 1.2
2.4 3 3.6
1.6 2 2.4
0.8 1 1.2
2.4 3 3.6
2.4 3 3.6
3.2 4 4.8
1.6 2 2.4
0.8 1 1.2
4 5 6
4 5 6
2.4 3 3.6
1.6 2 2.4
4 5 6
2.4 3 3.6
3.2 4 4.8
0.8 1 1.2
4 5 6
2.4 3 3.6
4 5 6
2.4 3 3.6
0.8 1 1.2
2.4 3 3.6
4 5 6
4 5 6
2.4 3 3.6
3.2 4 4.8
4 5 6
4 5 6
3.2 4 4.8
1.6 2 2.4
4 5 6
0.8 1 1.2
0.8 1 1.2
4 5 6
0.8 1 1.2
1.6 2 2.4
2.4 3 3.6
2.4 3 3.6
3.2 4 4.8
4 5 6
2.4 3 3.6
1.6 2 2.4
4 5 6
3.2 4 4.8
0.8 1 1.2
2.4 3 3.6
2.4 3 3.6
2.4 3 3.6
1.6 2 2.4
0.8 1 1.2
2.4 3 3.6
0.8 1 1.2
3.2 4 4.8
0.8 1 1.2
2.4 3 3.6
4 5 6
2.4 3 3.6
2.4 3 3.6
4 5 6
3.2 4 4.8
3.2 4 4.8
4 5 6
0.8 1 1.2
4 5 6
0.8 1 1.2
1.6 2 2.4
2.4 3 3.6
3.2 4 4.8
2.4 3 3.6
3.2 4 4.8
0.8 1 1.2
1.6 2 2.4
2.4 3 3.6
4 5 6
3.2 4 4.8
3.2 4 4.8
2.4 3 3.6
2.4 3 3.6
0.8 1 1.2
2.4 3 3.6
0.8 1 1.2
4 5 6
1.6 2 2.4
1.6 2 2.4
3.2 4 4.8
1.6 2 2.4
4 5 6
3.2 4 4.8
4 5 6
3.2 4 4.8
2.4 3 3.6
1.6 2 2.4
3.2 4 4.8
4 5 6
0.8 1 1.2
0.8 1 1.2
0.8 1 1.2
4 5 6
0.8 1 1.2
3.2 4 4.8
3.2 4 4.8
4 5 6
0.8 1 1.2
1.6 2 2.4
3.2 4 4.8
2.4 3 3.6
1.6 2 2.4
0.8 1 1.2
2.4 3 3.6
1.6 2 2.4
1.6 2 2.4
4 5 6
3.2 4 4.8
0.8 1 1.2
4 5 6
4 5 6
1.6 2 2.4
3.2 4 4.8
4 5 6
2.4 3 3.6
4 5 6
0.8 1 1.2
4 5 6
4 5 6
0.8 1 1.2
3.2 4 4.8
1.6 2 2.4
3.2 4 4.8
0.8 1 1.2
1.6 2 2.4
4 5 6
0.8 1 1.2
2.4 3 3.6
4 5 6
4 5 6
3.2 4 4.8
2.4 3 3.6
4 5 6
2.4 3 3.6
3.2 4 4.8
3.2 4 4.8
4 5 6
4 5 6
3.2 4 4.8
1.6 2 2.4
4 5 6
1.6 2 2.4
3.2 4 4.8
1.6 2 2.4
3.2 4 4.8
2.4 3 3.6
4 5 6
0.8 1 1.2
3.2 4 4.8
3.2 4 4.8
4 5 6
4 5 6
1.6 2 2.4
3.2 4 4.8
0.8 1 1.2
3.2 4 4.8
3.2 4 4.8
2.4 3 3.6
3.2 4 4.8
0.8 1 1.2
4 5 6
1.6 2 2.4
3.2 4 4.8
4 5 6
0.8 1 1.2
3.2 4 4.8
4 5 6
4 5 6
3.2 4 4.8
1.6 2 2.4
0.8 1 1.2
4 5 6
4 5 6
4 5 6
3.2 4 4.8
4 5 6
0.8 1 1.2
0.8 1 1.2
2.4 3 3.6
1.6 2 2.4
3.2 4 4.8
4 5 6
0.8 1 1.2
1.6 2 2.4
3.2 4 4.8
4 5 6
4 5 6
1.6 2 2.4
3.2 4 4.8
2.4 3 3.6
4 5 6
0.8 1 1.2
0.8 1 1.2
4 5 6
1.6 2 2.4
3.2 4 4.8
1.6 2 2.4
1.6 2 2.4
1.6 2 2.4
2.4 3 3.6
1.6 2 2.4
1.6 2 2.4
2.4 3 3.6
1.6 2 2.4
4 5 6
2.4 3 3.6
0.8 1 1.2
2.4 3 3.6
4 5 6
0.8 1 1.2
3.2 4 4.8
4 5 6
2.4 3 3.6
4 5 6
4 5 6
2.4 3 3.6
1.6 2 2.4
1.6 2 2.4
3.2 4 4.8
2.4 3 3.6
3.2 4 4.8
1.6 2 2.4
2.4 3 3.6
2.4 3 3.6
3.2 4 4.8
4 5 6
0.8 1 1.2
3.2 4 4.8
4 5 6
0.8 1 1.2
0.8 1 1.2
4 5 6
1.6 2 2.4
2.4 3 3.6
3.2 4 4.8
4 5 6
3.2 4 4.8
3.2 4 4.8
2.4 3 3.6
0.8 1 1.2
0.8 1 1.2
0.8 1 1.2
0.8 1 1.2
2.4 3 3.6
3.2 4 4.8
3.2 4 4.8
1.6 2 2.4
2.4 3 3.6
2.4 3 3.6
2.4 3 3.6
0.8 1 1.2
2.4 3 3.6
3.2 4 4.8
1.6 2 2.4
4 5 6
1.6 2 2.4
1.6 2 2.4
4 5 6
1.6 2 2.4
0.8 1 1.2
3.2 4 4.8
0.8 1 1.2
3.2 4 4.8
2.4 3 3.6
1.6 2 2.4
0.8 1 1.2
0.8 1 1.2
4 5 6
2.4 3 3.6
4 5 6
0.8 1 1.2
1.6 2 2.4
2.4 3 3.6
2.4 3 3.6
4 5 6
1.6 2 2.4
4 5 6
2.4 3 3.6
0.8 1 1.2
1.6 2 2.4
4 5 6
2.4 3 3.6
1.6 2 2.4
3.2 4 4.8
4 5 6
2.4 3 3.6
2.4 3 3.6
3.2 4 4.8
2.4 3 3.6
4 5 6
1.6 2 2.4
1.6 2 2.4
1.6 2 2.4
3.2 4 4.8
3.2 4 4.8
0.8 1 1.2
4 5 6
0.8 1 1.2
1.6 2 2.4
2.4 3 3.6
2.4 3 3.6
1.6 2 2.4
0.8 1 1.2
3.2 4 4.8
0.8 1 1.2
3.2 4 4.8
3.2 4 4.8
0.8 1 1.2
0.8 1 1.2
0.8 1 1.2
4 5 6
2.4 3 3.6
2.4 3 3.6
0.8 1 1.2
4 5 6
4 5 6
3.2 4 4.8
2.4 3 3.6
3.2 4 4.8
2.4 3 3.6
4 5 6
1.6 2 2.4
4 5 6
1.6 2 2.4
3.2 4 4.8
3.2 4 4.8
3.2 4 4.8
2.4 3 3.6
1.6 2 2.4
3.2 4 4.8
3.2 4 4.8
2.4 3 3.6
1.6 2 2.4
1.6 2 2.4
2.4 3 3.6
1.6 2 2.4
3.2 4 4.8
2.4 3 3.6
0.8 1 1.2
3.2 4 4.8
0.8 1 1.2
3.2 4 4.8
1.6 2 2.4
2.4 3 3.6
2.4 3 3.6
3.2 4 4.8
3.2 4 4.8
4 5 6
1.6 2 2.4
1.6 2 2.4
1.6 2 2.4
3.2 4 4.8
1.6 2 2.4
4 5 6
4 5 6
3.2 4 4.8
3.2 4 4.8
3.2 4 4.8
3.2 4 4.8
2.4 3 3.6
3.2 4 4.8
0.8 1 1.2
4 5 6
1.6 2 2.4
1.6 2 2.4
3.2 4 4.8
4 5 6
1.6 2 2.4
4 5 6
2.4 3 3.6
4 5 6
1.6 2 2.4
4 5 6
0.8 1 1.2
2.4 3 3.6
3.2 4 4.8
0.8 1 1.2
3.2 4 4.8
4 5 6
2.4 3 3.6
3.2 4 4.8
2.4 3 3.6
4 5 6
2.4 3 3.6
1.6 2 2.4
4 5 6
0.8 1 1.2
4 5 6
1.6 2 2.4
2.4 3 3.6
3.2 4 4.8
1.6 2 2.4
3.2 4 4.8
1.6 2 2.4
3.2 4 4.8
4 5 6
2.4 3 3.6
2.4 3 3.6
3.2 4 4.8
2.4 3 3.6
0.8 1 1.2
3.2 4 4.8
1.6 2 2.4
1.6 2 2.4
2.4 3 3.6
2.4 3 3.6
1.6 2 2.4
1.6 2 2.4
4 5 6
4 5 6
4 5 6
2.4 3 3.6
4 5 6
1.6 2 2.4
0.8 1 1.2
0.8 1 1.2
0.8 1 1.2
0.8 1 1.2
1.6 2 2.4
2.4 3 3.6
1.6 2 2.4
0.8 1 1.2
0.8 1 1.2
1.6 2 2.4
2.4 3 3.6
0.8 1 1.2
4 5 6
4 5 6
0.8 1 1.2
2.4 3 3.6
3.2 4 4.8
1.6 2 2.4
4 5 6
4 5 6
3.2 4 4.8
1.6 2 2.4
2.4 3 3.6
3.2 4 4.8
1.6 2 2.4
4 5 6
3.2 4 4.8
2.4 3 3.6
1.6 2 2.4
0.8 1 1.2
1.6 2 2.4
1.6 2 2.4
3.2 4 4.8
4 5 6
2.4 3 3.6
0.8 1 1.2
4 5 6
4 5 6
0.8 1 1.2
1.6 2 2.4
3.2 4 4.8
0.8 1 1.2
2.4 3 3.6
3.2 4 4.8
2.4 3 3.6
3.2 4 4.8
2.4 3 3.6
1.6 2 2.4
0.8 1 1.2
2.4 3 3.6
0.8 1 1.2
4 5 6
2.4 3 3.6
1.6 2 2.4
0.8 1 1.2
2.4 3 3.6
1.6 2 2.4
3.2 4 4.8
0.8 1 1.2
0.8 1 1.2
1.6 2 2.4
4 5 6
2.4 3 3.6
0.8 1 1.2
0.8 1 1.2
1.6 2 2.4
1.6 2 2.4
4 5 6
1.6 2 2.4
2.4 3 3.6
0.8 1 1.2
1.6 2 2.4
1.6 2 2.4
3.2 4 4.8
1.6 2 2.4
4 5 6
3.2 4 4.8
2.4 3 3.6
0.8 1 1.2
2.4 3 3.6
3.2 4 4.8
3.2 4 4.8
4 5 6
2.4 3 3.6
3.2 4 4.8
4 5 6
1.6 2 2.4
3.2 4 4.8
0.8 1 1.2
1.6 2 2.4
1.6 2 2.4
4 5 6
0.8 1 1.2
3.2 4 4.8
3.2 4 4.8
1.6 2 2.4
2.4 3 3.6
1.6 2 2.4
2.4 3 3.6
4 5 6
4 5 6
0.8 1 1.2
3.2 4 4.8
0.8 1 1.2
2.4 3 3.6
0.8 1 1.2
1.6 2 2.4
4 5 6
1.6 2 2.4
2.4 3 3.6
1.6 2 2.4
3.2 4 4.8
2.4 3 3.6
2.4 3 3.6
3.2 4 4.8
3.2 4 4.8
3.2 4 4.8
3.2 4 4.8
1.6 2 2.4
0.8 1 1.2
1.6 2 2.4
2.4 3 3.6
2.4 3 3.6
0.8 1 1.2
2.4 3 3.6
3.2 4 4.8
0.8 1 1.2
4 5 6
0.8 1 1.2
3.2 4 4.8
4 5 6
4 5 6
4 5 6
2.4 3 3.6
0.8 1 1.2
4 5 6
4 5 6
4 5 6
3.2 4 4.8
0.8 1 1.2
3.2 4 4.8
4 5 6
1.6 2 2.4
3.2 4 4.8
4 5 6
1.6 2 2.4
0.8 1 1.2
1.6 2 2.4
1.6 2 2.4
0.8 1 1.2
2.4 3 3.6
4 5 6
0.8 1 1.2
0.8 1 1.2
0.8 1 1.2
1.6 2 2.4
0.8 1 1.2
2.4 3 3.6
1.6 2 2.4
0.8 1 1.2
3.2 4 4.8
4 5 6
0.8 1 1.2
2.4 3 3.6
3.2 4 4.8
3.2 4 4.8
3.2 4 4.8
2.4 3 3.6
3.2 4 4.8
1.6 2 2.4
2.4 3 3.6
1.6 2 2.4
0.8 1 1.2
1.6 2 2.4
4 5 6
0.8 1 1.2
4 5 6
2.4 3 3.6
4 5 6
4 5 6
0.8 1 1.2
0.8 1 1.2
0.8 1 1.2
3.2 4 4.8
1.6 2 2.4
3.2 4 4.8
4 5 6
2.4 3 3.6
0.8 1 1.2
0.8 1 1.2
4 5 6
1.6 2 2.4
2.4 3 3.6
0.8 1 1.2
0.8 1 1.2
2.4 3 3.6
1.6 2 2.4
3.2 4 4.8
0.8 1 1.2
4 5 6
3.2 4 4.8
3.2 4 4.8
1.6 2 2.4
0.8 1 1.2
2.4 3 3.6
0.8 1 1.2
3.2 4 4.8
0.8 1 1.2
0.8 1 1.2
1.6 2 2.4
2.4 3 3.6
4 5 6
4 5 6
2.4 3 3.6
3.2 4 4.8
0.8 1 1.2
3.2 4 4.8
3.2 4 4.8
2.4 3 3.6
0.8 1 1.2
1.6 2 2.4
0.8 1 1.2
1.6 2 2.4
0.8 1 1.2
1.6 2 2.4
2.4 3 3.6
0.8 1 1.2
1.6 2 2.4
4 5 6
1.6 2 2.4
2.4 3 3.6
3.2 4 4.8
4 5 6
0.8 1 1.2
2.4 3 3.6
0.8 1 1.2
2.4 3 3.6
4 5 6
1.6 2 2.4
3.2 4 4.8
4 5 6
3.2 4 4.8
1.6 2 2.4
1.6 2 2.4
4 5 6
0.8 1 1.2
0.8 1 1.2
4 5 6
0.8 1 1.2
4 5 6
2.4 3 3.6
2.4 3 3.6
4 5 6
3.2 4 4.8
1.6 2 2.4
4 5 6
3.2 4 4.8
0.8 1 1.2
1.6 2 2.4
1.6 2 2.4
0.8 1 1.2
0.8 1 1.2
4 5 6
2.4 3 3.6
0.8 1 1.2
2.4 3 3.6
4 5 6
1.6 2 2.4
3.2 4 4.8
0.8 1 1.2
4 5 6
0.8 1 1.2
1.6 2 2.4
3.2 4 4.8
3.2 4 4.8
1.6 2 2.4
3.2 4 4.8
4 5 6
0.8 1 1.2
3.2 4 4.8
3.2 4 4.8
3.2 4 4.8
3.2 4 4.8
4 5 6
1.6 2 2.4
2.4 3 3.6
2.4 3 3.6
0.8 1 1.2
4 5 6
4 5 6
1.6 2 2.4
1.6 2 2.4
3.2 4 4.8
2.4 3 3.6
2.4 3 3.6
2.4 3 3.6
4 5 6
4 5 6
1.6 2 2.4
3.2 4 4.8
0.8 1 1.2
0.8 1 1.2
0.8 1 1.2
3.2 4 4.8
4 5 6
2.4 3 3.6
2.4 3 3.6
1.6 2 2.4
4 5 6
1.6 2 2.4
4 5 6
1.6 2 2.4
1.6 2 2.4
3.2 4 4.8
0.8 1 1.2
1.6 2 2.4
3.2 4 4.8
4 5 6
2.4 3 3.6
1.6 2 2.4
0.8 1 1.2
0.8 1 1.2
2.4 3 3.6
1.6 2 2.4
0.8 1 1.2
3.2 4 4.8
2.4 3 3.6
4 5 6
4 5 6
3.2 4 4.8
3.2 4 4.8
2.4 3 3.6
1.6 2 2.4
1.6 2 2.4
1.6 2 2.4
3.2 4 4.8
1.6 2 2.4
1.6 2 2.4
2 5 2
1 8 4
1 9 3
1 12 1
2 8 4
2 12 4
3 12 1
4 10 5
5 9 5
5 10 5
6 8 3
6 9 2
6 11 2
13 18 3
14 16 4
15 16 5
15 17 1
13 21 3
16 20 4
18 20 5
18 21 5
22 24 4
23 26 4
24 27 4
24 29 5
25 29 2
30 35 4
31 35 5
32 33 1
32 34 5
32 37 3
31 38 4
33 38 4
37 38 5
30 41 2
30 42 5
31 39 3
32 39 5
32 42 2
33 39 2
33 40 3
33 41 1
33 42 5
35 40 4
35 41 2
36 41 2
37 39 3
37 41 5
38 40 1
43 45 2
43 49 3
47 49 3
52 56 1
51 59 3
53 59 1
56 58 4
61 64 1
62 64 4
60 65 5
60 66 2
60 67 1
60 68 5
61 65 3
61 69 4
62 68 2
63 65 5
63 67 2
63 68 4
64 67 4
61 70 3
62 71 1
63 70 3
63 71 3
65 70 4
66 70 2
67 71 3
69 70 5
69 71 4
72 78 2
74 77 1
75 79 4
74 81 1
75 80 2
76 80 3
77 81 1
82 89 2
83 87 4
83 89 3
84 87 1
84 89 5
85 89 2
87 90 2
88 90 3
89 90 3
91 92 4
94 97 1
96 97 3
99 103 2
99 104 5
102 104 2
100 105 3
100 106 5
102 106 1
103 105 4
103 106 4
107 111 5
108 110 5
109 111 1
108 112 4
111 112 1
113 120 1
115 119 2
115 120 3
115 121 5
115 122 4
117 120 4
118 120 3
114 123 2
114 124 3
115 124 5
116 123 1
117 124 3
119 124 2
122 125 3
128 133 1
129 132 4
130 135 1
126 137 4
126 138 1
127 136 5
127 137 5
128 138 3
129 136 2
130 138 3
134 136 2
134 138 2
135 138 3
139 140 2
139 142 2
139 144 5
139 145 5
140 145 5
141 145 2
141 147 4
142 143 4
142 146 2
142 147 2
139 149 5
139 151 3
140 148 4
141 148 3
141 149 2
141 150 1
142 151 1
143 148 5
143 149 3
144 149 2
145 151 3
146 149 1
146 152 2
147 151 1
147 152 4
139 155 4
141 156 1
142 156 2
143 154 4
145 155 5
146 153 5
147 154 1
148 156 5
149 154 4
149 155 5
150 153 2
151 153 1
151 154 4
152 153 4
152 155 2
157 163 2
157 164 5
161 163 5
161 165 2
163 165 5
157 168 5
159 166 2
159 167 3
159 168 1
160 168 5
161 166 3
161 167 5
161 168 3
163 166 2
163 167 1
165 166 3
169 172 4
170 172 3
170 173 3
169 174 1
169 176 5
171 175 3
173 175 3
169 178 4
175 178 5
177 178 3
169 181 4
170 179 3
170 181 5
170 182 2
171 182 2
171 183 4
172 180 5
172 181 5
172 182 2
173 183 5
174 179 4
176 179 3
176 181 3
177 179 1
177 183 4
184 187 1
184 189 5
185 187 3
185 188 4
186 187 2
184 192 1
186 192 5
188 191 3
188 192 5
189 191 2
193 195 3
193 197 2
195 197 5
194 198 1
194 201 3
195 201 4
197 198 4
194 202 4
194 204 3
194 205 1
195 205 1
195 206 1
196 203 5
196 206 1
197 202 4
198 206 3
199 204 4
199 205 5
199 206 5
200 203 2
208 214 5
209 212 4
210 212 2
211 213 5
207 215 3
207 217 4
209 218 4
210 215 4
210 217 3
211 217 1
213 216 3
213 217 5
214 218 5
208 220 1
209 220 1
210 219 3
210 220 5
211 220 2
214 220 3
215 220 5
216 219 2
216 220 2
217 219 3
222 224 3
223 225 5
221 226 5
222 226 4
222 227 4
223 226 1
224 227 4
225 226 2
225 227 4
222 230 5
223 228 1
223 229 3
224 230 1
226 230 1
226 231 1
232 236 3
232 237 1
232 238 3
233 236 4
234 235 2
234 238 5
232 240 3
234 240 2
235 239 2
236 240 4
238 240 4
241 246 1
243 247 3
244 245 3
241 249 5
241 250 4
242 249 4
242 250 4
245 248 5
245 250 4
246 248 5
246 250 4
247 250 3
241 251 3
241 252 3
248 252 1
250 252 5
253 256 1
254 257 5
255 259 3
256 258 3
253 261 5
254 262 2
256 262 5
257 260 1
257 261 3
258 262 1
263 268 4
266 268 3
267 268 5
263 270 3
264 271 2
265 270 3
266 270 1
266 271 4
272 274 1
273 276 5
273 277 4
273 278 2
274 281 2
275 279 2
275 281 2
277 280 3
277 281 4
277 282 3
278 279 2
278 280 3
278 281 3
283 284 3
283 289 4
284 289 2
287 289 1
285 292 4
285 293 1
286 293 3
287 291 5
287 292 3
296 299 3
294 300 2
295 300 3
298 301 4
303 307 2
304 307 2
305 309 4
305 310 5
307 309 4
308 310 5
305 311 4
308 311 1
310 311 1
312 317 3
312 320 1
313 320 2
314 318 5
314 320 5
312 321 5
312 324 5
313 323 5
314 322 3
314 324 2
315 322 2
315 323 2
316 321 4
316 322 2
316 324 3
317 323 3
317 324 5
319 321 3
319 324 1
312 326 5
316 325 5
317 326 1
327 330 4
327 332 3
327 333 2
328 334 3
330 331 4
330 332 5
327 336 4
328 336 4
328 338 3
329 336 3
329 337 3
330 335 4
331 338 1
332 337 5
334 336 1
334 337 5
339 343 3
340 345 5
339 349 3
339 350 4
340 346 3
340 347 2
340 350 2
341 348 5
343 346 3
344 346 1
344 347 2
344 348 3
344 350 4
345 348 3
339 354 3
341 351 2
343 351 1
343 354 1
344 352 5
344 353 5
345 352 2
347 352 4
347 354 1
348 352 3
348 353 5
350 353 5
355 358 5
358 359 1
355 360 4
355 362 1
357 361 4
358 361 2
359 362 2
363 367 1
363 368 4
363 369 2
364 368 5
364 370 4
368 370 4
369 370 3
371 375 4
372 375 4
376 380 5
381 383 5
385 390 2
386 390 1
384 392 2
384 394 1
388 393 2
389 392 5
389 394 2
398 403 2
400 402 3
401 402 3
401 403 3
405 411 3
407 410 3
408 409 1
404 413 5
404 414 3
404 415 5
404 416 2
405 413 3
405 415 1
405 416 5
407 416 5
409 413 5
409 414 5
409 415 1
410 413 3
410 416 5
412 415 3
404 417 5
404 418 3
405 417 5
406 420 4
408 419 3
409 418 5
409 419 5
409 420 1
410 417 4
411 418 5
412 420 1
413 419 5
416 417 1
409 421 3
414 421 1
422 427 1
422 428 1
430 431 4
429 432 1
429 433 4
429 434 5
431 433 1
431 434 5
431 435 3
431 438 1
432 437 1
432 438 2
434 437 5
439 441 5
440 443 3
441 443 5
441 446 3
442 444 5
443 444 5
443 445 3
439 447 1
439 449 3
440 447 3
440 450 3
441 450 3
442 449 4
442 450 3
443 448 3
444 447 4
445 447 5
445 449 5
451 454 3
451 455 2
451 456 5
452 454 2
452 455 2
453 456 3
451 457 4
451 458 2
451 459 1
452 460 5
453 459 3
454 459 4
455 458 3
461 463 2
461 466 5
462 463 1
462 464 1
462 465 5
462 466 4
462 467 5
461 468 3
461 469 2
461 471 5
462 469 5
463 468 1
463 470 3
463 471 3
464 469 4
464 471 5
465 469 4
466 470 3
467 469 5
463 472 4
465 472 3
468 472 1
469 472 1
473 476 2
475 478 5
477 478 3
473 479 3
480 482 3
481 485 2
482 484 4
486 491 5
486 492 4
487 493 4
488 491 2
488 492 2
488 493 3
489 491 3
490 491 2
486 494 1
489 494 3
489 495 1
489 497 4
490 496 4
491 494 4
491 496 4
492 494 5
492 497 5
493 494 2
498 502 2
499 503 3
498 504 2
501 504 1
501 505 3
502 504 2
503 504 3
506 513 3
507 512 4
507 514 1
508 512 1
508 513 4
508 514 4
509 511 2
510 516 1
511 515 5
512 515 1
513 516 1
514 516 1
518 520 5
518 521 3
517 523 3
518 523 5
519 523 5
520 523 2
521 522 5
520 524 3
521 524 3
525 531 4
527 530 2
527 532 4
528 532 5
529 531 1
529 532 4
529 533 2
525 534 2
530 534 4
525 535 1
528 535 1
531 535 1
536 537 1
536 540 1
537 539 2
537 542 1
538 541 4
543 546 1
544 546 2
543 549 2
543 550 4
545 547 3
545 548 3
545 549 4
546 548 5
543 553 3
543 554 4
544 552 3
544 553 5
544 554 3
544 555 3
545 552 5
545 553 3
545 555 2
548 552 3
549 554 3
551 552 3
551 553 1
556 561 1
558 560 2
556 562 4
556 565 1
557 562 5
557 564 3
558 563 4
560 564 1
560 565 2
556 567 5
557 566 1
557 567 4
560 566 3
561 567 2
568 569 4
568 570 5
568 575 5
568 576 5
569 573 5
569 576 4
569 577 4
570 573 5
570 575 3
571 573 1
571 576 5
571 577 3
572 574 3
572 575 1
572 577 3
578 579 1
578 581 3
579 581 2
578 582 5
578 583 5
581 582 2
581 583 1
584 587 3
584 588 5
586 588 2
587 589 3
587 591 1
584 595 5
585 597 4
586 593 3
586 596 1
587 596 4
588 596 3
590 594 3
590 597 2
592 596 3
598 601 4
598 603 5
598 604 3
598 605 2
600 604 2
601 604 5
598 606 2
598 607 3
599 606 5
602 606 1
603 607 5
599 608 1
600 608 3
609 612 4
609 614 2
610 615 4
612 615 4
613 616 1
614 616 5
609 618 4
610 617 4
611 619 2
611 621 5
613 617 2
613 618 5
613 621 1
614 619 2
615 619 3
616 619 4
616 621 2
609 625 4
610 625 1
610 626 5
612 625 4
613 624 2
614 625 2
614 626 2
615 623 2
616 625 5
617 623 4
617 624 5
618 622 5
618 624 4
618 625 1
619 625 2
620 624 1
620 625 5
621 624 4
627 629 3
628 629 3
627 634 3
627 637 4
628 634 2
630 635 3
630 636 1
630 637 5
638 640 1
638 641 5
638 642 5
643 644 5
638 645 3
639 647 5
639 649 3
639 650 2
639 651 4
640 647 3
640 651 1
641 649 5
642 649 2
642 651 5
643 647 1
643 648 3
643 649 2
643 651 5
645 648 5
646 651 2
652 658 2
652 659 2
652 660 3
652 662 1
654 658 5
655 658 3
655 659 1
655 660 1
655 661 3
656 659 1
656 661 3
657 658 1
657 659 1
655 663 5
656 663 5
657 663 5
660 663 4
661 663 4
665 668 5
665 669 4
665 670 4
665 671 4
666 668 5
666 669 2
664 673 1
665 673 3
669 673 4
670 673 1
665 674 5
665 675 5
667 675 5
668 675 3
669 675 3
670 674 5
673 675 4
665 676 5
666 676 5
678 680 5
677 684 2
678 683 3
678 685 1
678 686 4
679 686 5
680 686 5
681 685 5
682 684 2
682 686 1
687 689 4
687 690 5
688 691 1
689 694 1
690 692 4
690 694 5
687 695 1
687 698 1
689 697 2
689 698 3
690 695 4
690 698 5
691 695 5
691 696 1
692 695 1
693 697 3
693 698 1
694 695 3
700 703 4
700 706 3
701 703 1
701 704 5
701 706 2
700 707 5
699 708 2
700 708 1
700 710 3
702 709 3
702 710 1
703 709 2
704 708 4
704 709 3
706 708 5
711 715 2
714 715 1
711 717 4
712 716 5
712 717 4
711 719 2
711 722 4
712 718 5
712 720 4
713 720 3
713 722 3
714 721 5
715 718 5
716 722 2
717 720 2
717 721 3
717 722 1
723 727 3
727 728 5
724 729 1
725 730 5
726 730 1
728 730 4
732 736 5
733 734 1
733 736 5
737 738 3
737 739 3
737 742 1
737 743 1
738 740 1
738 744 5
739 743 4
737 747 2
738 746 5
741 747 5
743 745 3
743 748 2
744 745 2
749 755 4
750 755 4
751 754 2
752 753 2
752 756 3
749 757 5
750 757 1
754 757 1
755 757 2
754 758 4
759 766 4
762 763 1
759 771 3
760 769 4
760 771 3
761 769 5
762 767 3
762 771 4
763 770 2
764 767 2
766 767 4
772 774 2
773 774 3
773 775 3
773 777 1
774 777 3
772 779 5
773 779 3
773 780 1
774 779 5
774 780 2
775 779 4
777 778 1
777 779 2
777 780 5
782 785 4
783 785 4
784 785 3
782 787 4
783 786 1
784 786 5
788 790 2
788 791 3
789 791 1
788 792 3
791 792 3
793 795 5
793 796 2
793 797 2
793 798 3
796 798 5
799 803 3
800 804 1
801 804 1
801 805 2
801 806 5
799 808 1
800 809 5
801 807 3
801 809 5
801 810 1
802 809 3
803 807 5
803 809 4
804 807 5
806 809 4
799 813 3
799 815 2
800 813 5
800 814 3
802 811 5
802 813 3
802 814 1
802 815 5
803 812 3
803 813 2
805 811 5
805 814 4
806 815 4
807 812 5
808 813 1
808 814 3
809 811 2
809 812 3
802 816 4
804 816 2
806 816 3
810 816 4
817 820 2
820 822 2
819 824 3
820 825 2
821 823 2
821 825 3
826 828 3
826 829 2
827 828 3
826 832 3
826 833 3
828 832 5
828 835 2
829 834 3
830 833 3
839 841 2
839 843 4
840 841 5
836 844 4
836 848 2
837 848 3
838 844 3
838 846 2
838 847 1
839 844 1
839 846 2
839 847 2
840 846 1
840 847 2
840 848 3
841 845 5
841 847 4
842 844 3
843 846 5
837 849 2
838 849 2
840 849 5
841 849 2
842 849 2
845 849 3
848 849 2
836 853 4
837 850 1
837 851 1
837 852 5
838 850 4
838 851 5
838 852 4
840 853 5
843 850 3
843 853 4
844 851 4
845 850 3
846 850 4
846 851 4
846 853 3
847 852 3
848 850 1
848 853 4
849 851 4
854 855 3
854 856 1
854 858 5
855 859 4
855 861 2
856 861 2
856 862 5
856 863 3
857 861 5
858 860 3
859 862 4
859 863 2
858 864 1
859 864 3
860 864 1
865 867 4
865 869 3
866 867 2
865 873 5
868 872 4
868 874 3
873 874 1
876 880 5
877 881 4
877 882 5
876 883 2
878 883 4
879 883 4
880 884 2
882 884 2
875 887 4
877 886 1
877 887 4
879 885 5
879 887 4
880 886 3
882 885 4
882 886 3
888 893 1
891 893 3
891 895 1
893 895 4
897 905 3
898 904 3
899 904 2
899 905 3
900 902 5
900 903 2
901 902 3
901 905 4
898 907 1
900 906 3
901 906 4
902 906 2
903 906 5
903 907 4
905 906 4
897 908 1
903 908 5
903 909 5
903 910 3
904 908 2
905 908 1
906 908 2
906 910 1
907 909 2
913 914 1
913 915 2
913 917 2
911 918 5
912 918 1
912 921 4
913 919 1
914 918 3
915 918 2
915 919 5
922 927 2
924 927 2
926 927 4
922 929 4
922 931 4
923 929 1
923 932 2
925 930 2
925 932 3
926 932 1
927 929 1
928 929 1
922 933 2
923 933 3
927 933 5
930 933 4
931 933 5
934 939 1
936 939 5
934 944 4
936 944 4
937 942 5
938 940 4
938 944 5
939 944 1
935 946 2
935 949 3
936 945 3
937 946 3
937 949 2
938 946 5
938 949 5
939 946 3
939 949 1
940 946 5
942 947 4
943 946 5
943 949 4
944 947 5
939 950 5
941 950 1
943 950 5
945 950 1
948 950 1
949 950 5
951 957 1
951 959 3
955 956 5
953 960 1
956 960 2
959 962 5
952 966 4
954 965 4
955 968 3
957 966 2
957 968 2
958 964 2
958 968 1
959 965 1
963 965 4
963 966 3
952 969 4
952 971 1
955 970 4
955 971 1
956 969 4
956 971 3
957 970 1
957 971 4
958 969 5
959 971 1
961 970 3
961 971 4
962 971 5
963 969 1
964 970 5
964 971 4
965 970 1
968 970 2
968 971 3
972 974 4
972 975 5
973 975 2
974 977 1
979 983 4
980 983 1
979 986 5
980 984 4
981 986 3
982 986 3
983 984 3
983 985 4
978 988 1
981 987 4
982 989 5
982 990 5
983 988 5
983 989 4
983 990 3
984 987 5
985 988 2
986 989 3
986 990 3
978 991 1
979 991 2
980 994 3
981 995 1
982 992 1
982 994 5
984 991 3
984 993 3
985 992 2
985 995 1
987 991 5
988 992 5
989 991 1
989 993 3
989 995 3
990 991 3
990 995 3
996 999 4
997 1000 3
998 999 2
998 1001 4
996 1003 1
997 1003 3
998 1003 2
999 1003 5
1000 1003 2
1001 1002 1
996 1006 3
998 1004 4
998 1006 3
998 1007 5
999 1005 5
1003 1005 3
1003 1007 1
996 1008 3
998 1009 2
1002 1008 3
1005 1010 3
1015 1016 1
1011 1017 1
1012 1017 2
1013 1017 5
1014 1018 5
1016 1017 2
1020 1021 1
1019 1024 1
1020 1023 1
1020 1024 2
1022 1024 2
1025 1027 2
1025 1030 2
1026 1029 3
1025 1032 5
1025 1033 4
1025 1034 2
1026 1033 4
1027 1034 1
1028 1032 2
1028 1034 2
1030 1033 5
1030 1034 3
1026 1037 4
1030 1036 2
1030 1038 2
1033 1035 2
1034 1035 4
1034 1036 1
1034 1037 3
1034 1038 1
1039 1045 4
1040 1043 3
1040 1044 5
1041 1044 2
1042 1045 2
1039 1046 1
1039 1048 4
1040 1047 1
1041 1047 2
1043 1048 5
1045 1047 5
1045 1048 3
1040 1049 2
1042 1049 2
1045 1049 5
1050 1055 5
1052 1055 1
1050 1057 1
1053 1056 1
1053 1057 4
1053 1058 3
1055 1057 1
1059 1062 4
1060 1062 2
1059 1064 4
1060 1064 3
1060 1066 4
1061 1065 5
1062 1064 5
1060 1067 1
1061 1068 5
1064 1067 3
1066 1067 3
1066 1068 1
1069 1076 1
1070 1073 4
1070 1075 4
1070 1077 4
1071 1073 3
1071 1074 4
1072 1075 1
1070 1079 1
1071 1079 1
1072 1079 5
1074 1078 5
1074 1079 4
1077 1079 2
1080 1083 3
1081 1082 2
1080 1085 1
1081 1085 4
1084 1085 5
1080 1087 1
1081 1087 5
1084 1087 5
1085 1087 4
1086 1087 1
1080 1090 4
1081 1091 5
1082 1091 3
1083 1089 3
1083 1090 2
1084 1090 4
1085 1092 4
1086 1092 2
50
