15 10
13 18
7 3
10 6
6 4
15 27
14 24
8 4
13 12
14 22
9 7
15 24
12 14
14 15
6 4
10 4
8.8 9.28889 9.77778 10.2667 10.7556 11.2444 11.7333 12.2222 12.7111 13.2 
12 12.6667 13.3333 14 14.6667 15.3333 16 16.6667 17.3333 18 
12 12.6667 13.3333 14 14.6667 15.3333 16 16.6667 17.3333 18 
11.2 11.8222 12.4444 13.0667 13.6889 14.3111 14.9333 15.5556 16.1778 16.8 
8 8.44444 8.88889 9.33333 9.77778 10.2222 10.6667 11.1111 11.5556 12 
4 4.22222 4.44444 4.66667 4.88889 5.11111 5.33333 5.55556 5.77778 6 
11.2 11.8222 12.4444 13.0667 13.6889 14.3111 14.9333 15.5556 16.1778 16.8 
0.8 0.844444 0.888889 0.933333 0.977778 1.02222 1.06667 1.11111 1.15556 1.2 
5.6 5.91111 6.22222 6.53333 6.84444 7.15556 7.46667 7.77778 8.08889 8.4 
3.2 3.37778 3.55556 3.73333 3.91111 4.08889 4.26667 4.44444 4.62222 4.8 
4 4.22222 4.44444 4.66667 4.88889 5.11111 5.33333 5.55556 5.77778 6 
12 12.6667 13.3333 14 14.6667 15.3333 16 16.6667 17.3333 18 
6.4 6.75556 7.11111 7.46667 7.82222 8.17778 8.53333 8.88889 9.24444 9.6 
7.2 7.6 8 8.4 8.8 9.2 9.6 10 10.4 10.8 
0.8 0.844444 0.888889 0.933333 0.977778 1.02222 1.06667 1.11111 1.15556 1.2 
7.2 7.6 8 8.4 8.8 9.2 9.6 10 10.4 10.8 
4.8 5.06667 5.33333 5.6 5.86667 6.13333 6.4 6.66667 6.93333 7.2 
4.8 5.06667 5.33333 5.6 5.86667 6.13333 6.4 6.66667 6.93333 7.2 
7.2 7.6 8 8.4 8.8 9.2 9.6 10 10.4 10.8 
4.8 5.06667 5.33333 5.6 5.86667 6.13333 6.4 6.66667 6.93333 7.2 
1.6 1.68889 1.77778 1.86667 1.95556 2.04444 2.13333 2.22222 2.31111 2.4 
10.4 10.9778 11.5556 12.1333 12.7111 13.2889 13.8667 14.4444 15.0222 15.6 
12 12.6667 13.3333 14 14.6667 15.3333 16 16.6667 17.3333 18 
10.4 10.9778 11.5556 12.1333 12.7111 13.2889 13.8667 14.4444 15.0222 15.6 
5.6 5.91111 6.22222 6.53333 6.84444 7.15556 7.46667 7.77778 8.08889 8.4 
8 8.44444 8.88889 9.33333 9.77778 10.2222 10.6667 11.1111 11.5556 12 
5.6 5.91111 6.22222 6.53333 6.84444 7.15556 7.46667 7.77778 8.08889 8.4 
5.6 5.91111 6.22222 6.53333 6.84444 7.15556 7.46667 7.77778 8.08889 8.4 
2.4 2.53333 2.66667 2.8 2.93333 3.06667 3.2 3.33333 3.46667 3.6 
9.6 10.1333 10.6667 11.2 11.7333 12.2667 12.8 13.3333 13.8667 14.4 
8.8 9.28889 9.77778 10.2667 10.7556 11.2444 11.7333 12.2222 12.7111 13.2 
4.8 5.06667 5.33333 5.6 5.86667 6.13333 6.4 6.66667 6.93333 7.2 
11.2 11.8222 12.4444 13.0667 13.6889 14.3111 14.9333 15.5556 16.1778 16.8 
4 4.22222 4.44444 4.66667 4.88889 5.11111 5.33333 5.55556 5.77778 6 
11.2 11.8222 12.4444 13.0667 13.6889 14.3111 14.9333 15.5556 16.1778 16.8 
4 4.22222 4.44444 4.66667 4.88889 5.11111 5.33333 5.55556 5.77778 6 
4 4.22222 4.44444 4.66667 4.88889 5.11111 5.33333 5.55556 5.77778 6 
2.4 2.53333 2.66667 2.8 2.93333 3.06667 3.2 3.33333 3.46667 3.6 
7.2 7.6 8 8.4 8.8 9.2 9.6 10 10.4 10.8 
10.4 10.9778 11.5556 12.1333 12.7111 13.2889 13.8667 14.4444 15.0222 15.6 
11.2 11.8222 12.4444 13.0667 13.6889 14.3111 14.9333 15.5556 16.1778 16.8 
1.6 1.68889 1.77778 1.86667 1.95556 2.04444 2.13333 2.22222 2.31111 2.4 
7.2 7.6 8 8.4 8.8 9.2 9.6 10 10.4 10.8 
5.6 5.91111 6.22222 6.53333 6.84444 7.15556 7.46667 7.77778 8.08889 8.4 
12 12.6667 13.3333 14 14.6667 15.3333 16 16.6667 17.3333 18 
4.8 5.06667 5.33333 5.6 5.86667 6.13333 6.4 6.66667 6.93333 7.2 
8 8.44444 8.88889 9.33333 9.77778 10.2222 10.6667 11.1111 11.5556 12 
7.2 7.6 8 8.4 8.8 9.2 9.6 10 10.4 10.8 
11.2 11.8222 12.4444 13.0667 13.6889 14.3111 14.9333 15.5556 16.1778 16.8 
5.6 5.91111 6.22222 6.53333 6.84444 7.15556 7.46667 7.77778 8.08889 8.4 
6.4 6.75556 7.11111 7.46667 7.82222 8.17778 8.53333 8.88889 9.24444 9.6 
8 8.44444 8.88889 9.33333 9.77778 10.2222 10.6667 11.1111 11.5556 12 
2.4 2.53333 2.66667 2.8 2.93333 3.06667 3.2 3.33333 3.46667 3.6 
2.4 2.53333 2.66667 2.8 2.93333 3.06667 3.2 3.33333 3.46667 3.6 
0.8 0.844444 0.888889 0.933333 0.977778 1.02222 1.06667 1.11111 1.15556 1.2 
9.6 10.1333 10.6667 11.2 11.7333 12.2667 12.8 13.3333 13.8667 14.4 
12 12.6667 13.3333 14 14.6667 15.3333 16 16.6667 17.3333 18 
4 4.22222 4.44444 4.66667 4.88889 5.11111 5.33333 5.55556 5.77778 6 
1.6 1.68889 1.77778 1.86667 1.95556 2.04444 2.13333 2.22222 2.31111 2.4 
11.2 11.8222 12.4444 13.0667 13.6889 14.3111 14.9333 15.5556 16.1778 16.8 
1.6 1.68889 1.77778 1.86667 1.95556 2.04444 2.13333 2.22222 2.31111 2.4 
4 4.22222 4.44444 4.66667 4.88889 5.11111 5.33333 5.55556 5.77778 6 
4 4.22222 4.44444 4.66667 4.88889 5.11111 5.33333 5.55556 5.77778 6 
6.4 6.75556 7.11111 7.46667 7.82222 8.17778 8.53333 8.88889 9.24444 9.6 
4 4.22222 4.44444 4.66667 4.88889 5.11111 5.33333 5.55556 5.77778 6 
8 8.44444 8.88889 9.33333 9.77778 10.2222 10.6667 11.1111 11.5556 12 
1.6 1.68889 1.77778 1.86667 1.95556 2.04444 2.13333 2.22222 2.31111 2.4 
8.8 9.28889 9.77778 10.2667 10.7556 11.2444 11.7333 12.2222 12.7111 13.2 
4.8 5.06667 5.33333 5.6 5.86667 6.13333 6.4 6.66667 6.93333 7.2 
0.8 0.844444 0.888889 0.933333 0.977778 1.02222 1.06667 1.11111 1.15556 1.2 
0.8 0.844444 0.888889 0.933333 0.977778 1.02222 1.06667 1.11111 1.15556 1.2 
8.8 9.28889 9.77778 10.2667 10.7556 11.2444 11.7333 12.2222 12.7111 13.2 
3.2 3.37778 3.55556 3.73333 3.91111 4.08889 4.26667 4.44444 4.62222 4.8 
4 4.22222 4.44444 4.66667 4.88889 5.11111 5.33333 5.55556 5.77778 6 
8 8.44444 8.88889 9.33333 9.77778 10.2222 10.6667 11.1111 11.5556 12 
5.6 5.91111 6.22222 6.53333 6.84444 7.15556 7.46667 7.77778 8.08889 8.4 
3.2 3.37778 3.55556 3.73333 3.91111 4.08889 4.26667 4.44444 4.62222 4.8 
0.8 0.844444 0.888889 0.933333 0.977778 1.02222 1.06667 1.11111 1.15556 1.2 
8.8 9.28889 9.77778 10.2667 10.7556 11.2444 11.7333 12.2222 12.7111 13.2 
0.8 0.844444 0.888889 0.933333 0.977778 1.02222 1.06667 1.11111 1.15556 1.2 
11.2 11.8222 12.4444 13.0667 13.6889 14.3111 14.9333 15.5556 16.1778 16.8 
8 8.44444 8.88889 9.33333 9.77778 10.2222 10.6667 11.1111 11.5556 12 
6.4 6.75556 7.11111 7.46667 7.82222 8.17778 8.53333 8.88889 9.24444 9.6 
1.6 1.68889 1.77778 1.86667 1.95556 2.04444 2.13333 2.22222 2.31111 2.4 
4.8 5.06667 5.33333 5.6 5.86667 6.13333 6.4 6.66667 6.93333 7.2 
5.6 5.91111 6.22222 6.53333 6.84444 7.15556 7.46667 7.77778 8.08889 8.4 
0.8 0.844444 0.888889 0.933333 0.977778 1.02222 1.06667 1.11111 1.15556 1.2 
8.8 9.28889 9.77778 10.2667 10.7556 11.2444 11.7333 12.2222 12.7111 13.2 
10.4 10.9778 11.5556 12.1333 12.7111 13.2889 13.8667 14.4444 15.0222 15.6 
4 4.22222 4.44444 4.66667 4.88889 5.11111 5.33333 5.55556 5.77778 6 
7.2 7.6 8 8.4 8.8 9.2 9.6 10 10.4 10.8 
4.8 5.06667 5.33333 5.6 5.86667 6.13333 6.4 6.66667 6.93333 7.2 
12 12.6667 13.3333 14 14.6667 15.3333 16 16.6667 17.3333 18 
7.2 7.6 8 8.4 8.8 9.2 9.6 10 10.4 10.8 
11.2 11.8222 12.4444 13.0667 13.6889 14.3111 14.9333 15.5556 16.1778 16.8 
8.8 9.28889 9.77778 10.2667 10.7556 11.2444 11.7333 12.2222 12.7111 13.2 
1.6 1.68889 1.77778 1.86667 1.95556 2.04444 2.13333 2.22222 2.31111 2.4 
9.6 10.1333 10.6667 11.2 11.7333 12.2667 12.8 13.3333 13.8667 14.4 
10.4 10.9778 11.5556 12.1333 12.7111 13.2889 13.8667 14.4444 15.0222 15.6 
0.8 0.844444 0.888889 0.933333 0.977778 1.02222 1.06667 1.11111 1.15556 1.2 
12 12.6667 13.3333 14 14.6667 15.3333 16 16.6667 17.3333 18 
3.2 3.37778 3.55556 3.73333 3.91111 4.08889 4.26667 4.44444 4.62222 4.8 
3.2 3.37778 3.55556 3.73333 3.91111 4.08889 4.26667 4.44444 4.62222 4.8 
1.6 1.68889 1.77778 1.86667 1.95556 2.04444 2.13333 2.22222 2.31111 2.4 
8.8 9.28889 9.77778 10.2667 10.7556 11.2444 11.7333 12.2222 12.7111 13.2 
1.6 1.68889 1.77778 1.86667 1.95556 2.04444 2.13333 2.22222 2.31111 2.4 
1.6 1.68889 1.77778 1.86667 1.95556 2.04444 2.13333 2.22222 2.31111 2.4 
11.2 11.8222 12.4444 13.0667 13.6889 14.3111 14.9333 15.5556 16.1778 16.8 
0.8 0.844444 0.888889 0.933333 0.977778 1.02222 1.06667 1.11111 1.15556 1.2 
2.4 2.53333 2.66667 2.8 2.93333 3.06667 3.2 3.33333 3.46667 3.6 
2.4 2.53333 2.66667 2.8 2.93333 3.06667 3.2 3.33333 3.46667 3.6 
8 8.44444 8.88889 9.33333 9.77778 10.2222 10.6667 11.1111 11.5556 12 
0.8 0.844444 0.888889 0.933333 0.977778 1.02222 1.06667 1.11111 1.15556 1.2 
10.4 10.9778 11.5556 12.1333 12.7111 13.2889 13.8667 14.4444 15.0222 15.6 
9.6 10.1333 10.6667 11.2 11.7333 12.2667 12.8 13.3333 13.8667 14.4 
0.8 0.844444 0.888889 0.933333 0.977778 1.02222 1.06667 1.11111 1.15556 1.2 
2.4 2.53333 2.66667 2.8 2.93333 3.06667 3.2 3.33333 3.46667 3.6 
7.2 7.6 8 8.4 8.8 9.2 9.6 10 10.4 10.8 
1.6 1.68889 1.77778 1.86667 1.95556 2.04444 2.13333 2.22222 2.31111 2.4 
5.6 5.91111 6.22222 6.53333 6.84444 7.15556 7.46667 7.77778 8.08889 8.4 
3.2 3.37778 3.55556 3.73333 3.91111 4.08889 4.26667 4.44444 4.62222 4.8 
6.4 6.75556 7.11111 7.46667 7.82222 8.17778 8.53333 8.88889 9.24444 9.6 
0.8 0.844444 0.888889 0.933333 0.977778 1.02222 1.06667 1.11111 1.15556 1.2 
4 4.22222 4.44444 4.66667 4.88889 5.11111 5.33333 5.55556 5.77778 6 
8.8 9.28889 9.77778 10.2667 10.7556 11.2444 11.7333 12.2222 12.7111 13.2 
8.8 9.28889 9.77778 10.2667 10.7556 11.2444 11.7333 12.2222 12.7111 13.2 
8 8.44444 8.88889 9.33333 9.77778 10.2222 10.6667 11.1111 11.5556 12 
11.2 11.8222 12.4444 13.0667 13.6889 14.3111 14.9333 15.5556 16.1778 16.8 
7.2 7.6 8 8.4 8.8 9.2 9.6 10 10.4 10.8 
6.4 6.75556 7.11111 7.46667 7.82222 8.17778 8.53333 8.88889 9.24444 9.6 
9.6 10.1333 10.6667 11.2 11.7333 12.2667 12.8 13.3333 13.8667 14.4 
3.2 3.37778 3.55556 3.73333 3.91111 4.08889 4.26667 4.44444 4.62222 4.8 
4 4.22222 4.44444 4.66667 4.88889 5.11111 5.33333 5.55556 5.77778 6 
6.4 6.75556 7.11111 7.46667 7.82222 8.17778 8.53333 8.88889 9.24444 9.6 
5.6 5.91111 6.22222 6.53333 6.84444 7.15556 7.46667 7.77778 8.08889 8.4 
11.2 11.8222 12.4444 13.0667 13.6889 14.3111 14.9333 15.5556 16.1778 16.8 
9.6 10.1333 10.6667 11.2 11.7333 12.2667 12.8 13.3333 13.8667 14.4 
3.2 3.37778 3.55556 3.73333 3.91111 4.08889 4.26667 4.44444 4.62222 4.8 
11.2 11.8222 12.4444 13.0667 13.6889 14.3111 14.9333 15.5556 16.1778 16.8 
9.6 10.1333 10.6667 11.2 11.7333 12.2667 12.8 13.3333 13.8667 14.4 
3.2 3.37778 3.55556 3.73333 3.91111 4.08889 4.26667 4.44444 4.62222 4.8 
1.6 1.68889 1.77778 1.86667 1.95556 2.04444 2.13333 2.22222 2.31111 2.4 
0.8 0.844444 0.888889 0.933333 0.977778 1.02222 1.06667 1.11111 1.15556 1.2 
4 4.22222 4.44444 4.66667 4.88889 5.11111 5.33333 5.55556 5.77778 6 
0.8 0.844444 0.888889 0.933333 0.977778 1.02222 1.06667 1.11111 1.15556 1.2 
0.8 0.844444 0.888889 0.933333 0.977778 1.02222 1.06667 1.11111 1.15556 1.2 
4.8 5.06667 5.33333 5.6 5.86667 6.13333 6.4 6.66667 6.93333 7.2 
5.6 5.91111 6.22222 6.53333 6.84444 7.15556 7.46667 7.77778 8.08889 8.4 
9.6 10.1333 10.6667 11.2 11.7333 12.2667 12.8 13.3333 13.8667 14.4 
3.2 3.37778 3.55556 3.73333 3.91111 4.08889 4.26667 4.44444 4.62222 4.8 
8.8 9.28889 9.77778 10.2667 10.7556 11.2444 11.7333 12.2222 12.7111 13.2 
2.4 2.53333 2.66667 2.8 2.93333 3.06667 3.2 3.33333 3.46667 3.6 
9.6 10.1333 10.6667 11.2 11.7333 12.2667 12.8 13.3333 13.8667 14.4 
7.2 7.6 8 8.4 8.8 9.2 9.6 10 10.4 10.8 
3.2 3.37778 3.55556 3.73333 3.91111 4.08889 4.26667 4.44444 4.62222 4.8 
4.8 5.06667 5.33333 5.6 5.86667 6.13333 6.4 6.66667 6.93333 7.2 
3.2 3.37778 3.55556 3.73333 3.91111 4.08889 4.26667 4.44444 4.62222 4.8 
4.8 5.06667 5.33333 5.6 5.86667 6.13333 6.4 6.66667 6.93333 7.2 
4 4.22222 4.44444 4.66667 4.88889 5.11111 5.33333 5.55556 5.77778 6 
9.6 10.1333 10.6667 11.2 11.7333 12.2667 12.8 13.3333 13.8667 14.4 
0.8 0.844444 0.888889 0.933333 0.977778 1.02222 1.06667 1.11111 1.15556 1.2 
1.6 1.68889 1.77778 1.86667 1.95556 2.04444 2.13333 2.22222 2.31111 2.4 
8 8.44444 8.88889 9.33333 9.77778 10.2222 10.6667 11.1111 11.5556 12 
4 4.22222 4.44444 4.66667 4.88889 5.11111 5.33333 5.55556 5.77778 6 
5.6 5.91111 6.22222 6.53333 6.84444 7.15556 7.46667 7.77778 8.08889 8.4 
0.8 0.844444 0.888889 0.933333 0.977778 1.02222 1.06667 1.11111 1.15556 1.2 
0 4 4
0 5 6
0 7 4
3 7 8
4 6 6
3 8 10
3 10 10
5 9 3
5 10 6
6 9 3
7 8 2
0 11 1
0 12 6
1 11 9
2 11 10
3 11 1
5 11 5
7 12 4
14 16 1
14 18 5
15 18 10
20 26 3
22 25 8
22 26 8
22 27 4
24 29 9
26 27 10
31 32 9
30 33 8
30 35 9
32 35 10
37 41 8
39 41 8
36 44 1
37 44 4
37 45 2
38 45 6
38 46 3
39 45 1
39 46 7
42 45 6
37 48 8
37 50 7
38 47 9
38 48 6
38 50 2
39 47 7
39 50 9
40 47 1
40 50 3
41 47 1
41 48 8
41 49 4
41 50 4
42 47 5
42 48 10
44 49 7
46 48 9
51 54 8
51 58 4
52 55 6
52 57 6
53 54 1
53 56 9
54 59 2
56 59 4
57 59 7
58 59 7
51 60 3
51 61 1
51 64 4
53 60 6
53 61 6
53 62 2
53 63 2
55 60 10
55 61 4
55 62 9
55 63 9
58 61 5
58 62 10
59 63 2
65 66 5
66 70 1
67 71 4
68 70 2
73 80 1
74 81 10
77 79 10
77 81 10
75 84 8
75 85 7
76 84 4
77 83 2
78 83 7
80 82 9
80 83 1
81 83 6
87 88 7
86 93 2
87 92 1
87 93 4
89 91 6
89 92 9
89 94 3
86 95 1
86 96 4
87 95 3
87 98 8
88 98 8
89 99 3
90 96 3
90 97 4
91 95 2
92 95 3
93 96 4
93 97 10
93 99 8
94 97 3
94 98 7
100 104 7
102 103 3
102 105 1
101 108 5
103 107 1
104 107 4
106 107 2
111 113 2
109 115 6
109 118 4
110 115 10
112 114 10
112 116 3
112 117 5
112 118 1
113 115 9
113 116 2
111 121 7
111 122 9
111 123 3
112 121 9
112 122 1
113 119 9
114 119 5
114 123 5
115 123 5
116 119 8
116 120 4
116 123 2
118 120 1
118 122 7
124 128 10
127 128 3
127 129 9
125 134 2
126 132 6
128 133 1
129 132 8
130 131 2
130 132 2
130 133 2
130 134 6
128 135 7
130 135 5
134 135 3
136 139 3
136 142 4
138 145 9
140 144 2
136 146 3
136 148 3
137 146 1
137 149 5
140 146 4
141 147 3
141 149 6
142 149 7
143 146 6
143 147 6
144 148 7
150 151 8
150 153 8
151 155 10
152 155 1
156 165 2
159 162 7
159 163 1
161 162 9
40
67
22
83
104
113
182
89
145
250
212
347
530
276

