3 3
7 6
16 27
15 19
4 5 6
4.8 6 7.2
5.6 7 8.4
6.4 8 9.6
3.2 4 4.8
0.8 1 1.2
3.2 4 4.8
8.8 11 13.2
7.2 9 10.8
12 15 18
3.2 4 4.8
5.6 7 8.4
12 15 18
8.8 11 13.2
2.4 3 3.6
8.8 11 13.2
3.2 4 4.8
7.2 9 10.8
6.4 8 9.6
0.8 1 1.2
9.6 12 14.4
1.6 2 2.4
8.8 11 13.2
1.6 2 2.4
5.6 7 8.4
11.2 14 16.8
8 10 12
11.2 14 16.8
3.2 4 4.8
9.6 12 14.4
5.6 7 8.4
12 15 18
12 15 18
8.8 11 13.2
8.8 11 13.2
8.8 11 13.2
7.2 9 10.8
8.8 11 13.2
0 3 2
0 5 6
1 5 3
1 6 7
3 5 4
3 6 7
8 12 4
9 12 10
7 14 2
8 13 7
8 16 10
8 17 3
9 16 5
10 13 10
10 14 5
7 19 9
8 21 5
8 22 3
9 18 1
9 21 6
9 22 7
10 18 10
12 19 2
12 20 9
12 22 6
13 19 8
13 21 10
14 19 6
14 20 2
15 21 6
16 18 3
16 22 2
17 22 6
23 28 2
24 27 10
24 29 6
24 30 6
23 32 5
24 32 8
26 31 1
26 32 3
23 36 3
23 37 3
24 37 2
26 34 7
27 35 7
27 37 2
29 33 4
30 36 10
30 37 8
31 35 9
32 35 4
50
