24 3
13 25
14 26
10 15
8 6
17 30
14 19
15 30
18 34
12 16
12 9
17 35
11 12
13 13
10 8
9 9
5 2
10 11
18 44
11 11
5 2
6 3
11 15
15 19
13 15
1.6 2 2.4
1.6 2 2.4
0.8 1 1.2
2.4 3 3.6
3.2 4 4.8
3.2 4 4.8
0.8 1 1.2
2.4 3 3.6
3.2 4 4.8
3.2 4 4.8
3.2 4 4.8
2.4 3 3.6
2.4 3 3.6
3.2 4 4.8
0.8 1 1.2
0.8 1 1.2
1.6 2 2.4
4 5 6
0.8 1 1.2
3.2 4 4.8
3.2 4 4.8
0.8 1 1.2
0.8 1 1.2
0.8 1 1.2
0.8 1 1.2
1.6 2 2.4
1.6 2 2.4
4 5 6
4 5 6
4 5 6
4 5 6
4 5 6
4 5 6
1.6 2 2.4
0.8 1 1.2
3.2 4 4.8
4 5 6
0.8 1 1.2
4 5 6
3.2 4 4.8
2.4 3 3.6
4 5 6
1.6 2 2.4
4 5 6
3.2 4 4.8
0.8 1 1.2
1.6 2 2.4
2.4 3 3.6
4 5 6
1.6 2 2.4
3.2 4 4.8
0.8 1 1.2
2.4 3 3.6
4 5 6
2.4 3 3.6
3.2 4 4.8
2.4 3 3.6
4 5 6
4 5 6
0.8 1 1.2
3.2 4 4.8
3.2 4 4.8
3.2 4 4.8
1.6 2 2.4
1.6 2 2.4
4 5 6
1.6 2 2.4
0.8 1 1.2
4 5 6
4 5 6
0.8 1 1.2
4 5 6
1.6 2 2.4
2.4 3 3.6
4 5 6
2.4 3 3.6
3.2 4 4.8
1.6 2 2.4
0.8 1 1.2
3.2 4 4.8
4 5 6
4 5 6
1.6 2 2.4
4 5 6
4 5 6
3.2 4 4.8
4 5 6
3.2 4 4.8
0.8 1 1.2
2.4 3 3.6
3.2 4 4.8
0.8 1 1.2
2.4 3 3.6
2.4 3 3.6
4 5 6
3.2 4 4.8
3.2 4 4.8
3.2 4 4.8
4 5 6
4 5 6
4 5 6
0.8 1 1.2
0.8 1 1.2
4 5 6
0.8 1 1.2
1.6 2 2.4
4 5 6
2.4 3 3.6
4 5 6
3.2 4 4.8
2.4 3 3.6
2.4 3 3.6
2.4 3 3.6
2.4 3 3.6
0.8 1 1.2
1.6 2 2.4
2.4 3 3.6
0.8 1 1.2
4 5 6
0.8 1 1.2
0.8 1 1.2
1.6 2 2.4
0.8 1 1.2
0.8 1 1.2
3.2 4 4.8
1.6 2 2.4
3.2 4 4.8
3.2 4 4.8
1.6 2 2.4
4 5 6
2.4 3 3.6
1.6 2 2.4
0.8 1 1.2
2.4 3 3.6
1.6 2 2.4
4 5 6
4 5 6
0.8 1 1.2
4 5 6
2.4 3 3.6
1.6 2 2.4
4 5 6
0.8 1 1.2
1.6 2 2.4
0.8 1 1.2
0.8 1 1.2
3.2 4 4.8
3.2 4 4.8
0.8 1 1.2
1.6 2 2.4
1.6 2 2.4
1.6 2 2.4
2.4 3 3.6
0.8 1 1.2
4 5 6
3.2 4 4.8
2.4 3 3.6
4 5 6
2.4 3 3.6
0.8 1 1.2
3.2 4 4.8
0.8 1 1.2
2.4 3 3.6
2.4 3 3.6
1.6 2 2.4
0.8 1 1.2
1.6 2 2.4
2.4 3 3.6
2.4 3 3.6
1.6 2 2.4
4 5 6
0.8 1 1.2
0.8 1 1.2
4 5 6
4 5 6
1.6 2 2.4
0.8 1 1.2
1.6 2 2.4
0.8 1 1.2
4 5 6
0.8 1 1.2
0.8 1 1.2
0.8 1 1.2
3.2 4 4.8
3.2 4 4.8
3.2 4 4.8
3.2 4 4.8
0.8 1 1.2
0.8 1 1.2
4 5 6
1.6 2 2.4
3.2 4 4.8
2.4 3 3.6
0.8 1 1.2
3.2 4 4.8
0.8 1 1.2
1.6 2 2.4
2.4 3 3.6
2.4 3 3.6
4 5 6
4 5 6
3.2 4 4.8
3.2 4 4.8
4 5 6
0.8 1 1.2
0.8 1 1.2
0.8 1 1.2
3.2 4 4.8
2.4 3 3.6
1.6 2 2.4
3.2 4 4.8
4 5 6
3.2 4 4.8
1.6 2 2.4
2.4 3 3.6
1.6 2 2.4
3.2 4 4.8
2.4 3 3.6
4 5 6
1.6 2 2.4
3.2 4 4.8
1.6 2 2.4
4 5 6
0.8 1 1.2
1.6 2 2.4
0.8 1 1.2
4 5 6
2.4 3 3.6
0.8 1 1.2
2.4 3 3.6
4 5 6
3.2 4 4.8
2.4 3 3.6
4 5 6
0.8 1 1.2
1.6 2 2.4
3.2 4 4.8
0.8 1 1.2
0.8 1 1.2
1.6 2 2.4
2.4 3 3.6
1.6 2 2.4
2.4 3 3.6
3.2 4 4.8
1.6 2 2.4
3.2 4 4.8
1.6 2 2.4
0.8 1 1.2
4 5 6
2.4 3 3.6
2.4 3 3.6
4 5 6
4 5 6
2.4 3 3.6
4 5 6
1.6 2 2.4
4 5 6
4 5 6
1.6 2 2.4
2.4 3 3.6
0.8 1 1.2
3.2 4 4.8
3.2 4 4.8
4 5 6
3.2 4 4.8
4 5 6
4 5 6
3.2 4 4.8
3.2 4 4.8
4 5 6
3.2 4 4.8
3.2 4 4.8
4 5 6
3.2 4 4.8
4 5 6
2.4 3 3.6
0.8 1 1.2
1.6 2 2.4
4 5 6
1.6 2 2.4
1.6 2 2.4
1.6 2 2.4
0.8 1 1.2
3.2 4 4.8
3.2 4 4.8
0.8 1 1.2
3.2 4 4.8
1 2 5
1 3 1
0 4 5
0 5 3
0 6 1
1 6 3
1 8 4
2 5 1
2 7 3
3 4 4
3 5 4
0 10 5
0 12 2
1 10 4
1 11 5
2 10 2
3 9 1
3 11 4
4 9 4
4 10 2
4 12 5
5 12 1
7 12 4
8 10 3
8 11 4
13 18 4
13 19 4
14 16 5
13 22 5
14 21 5
14 22 3
15 21 3
15 23 4
16 21 4
17 23 3
18 22 4
18 23 4
19 20 1
19 23 2
13 24 1
13 26 4
14 25 3
14 26 2
16 24 5
17 24 5
19 25 4
20 24 3
21 24 3
21 25 2
22 25 2
23 24 3
28 32 1
30 31 2
27 34 5
29 33 2
30 33 2
30 34 2
32 34 3
27 35 3
27 36 1
28 35 4
32 35 1
33 35 4
33 36 3
34 35 4
34 36 4
38 41 2
37 42 3
38 43 1
39 43 4
39 44 1
40 42 4
45 47 4
46 48 4
46 49 3
46 50 5
45 51 4
47 51 4
45 53 5
46 52 2
46 54 5
47 52 5
47 54 4
49 54 2
49 56 4
50 52 5
50 56 1
51 53 2
51 55 5
51 56 1
45 58 5
45 60 1
47 58 1
48 58 1
49 57 1
49 58 5
50 58 3
51 59 3
52 59 5
53 58 5
53 61 3
54 58 3
62 66 5
65 68 2
62 70 3
64 70 2
67 69 3
67 70 3
63 73 1
64 71 5
64 72 3
65 72 4
66 71 4
67 74 1
69 72 1
69 74 1
70 71 1
70 72 5
63 75 2
67 75 4
72 75 3
76 81 4
77 78 1
77 81 3
76 82 5
77 84 3
78 84 3
79 85 2
80 82 3
80 83 1
80 84 5
80 85 3
80 86 2
81 84 1
81 86 5
76 89 3
77 87 2
78 88 3
79 87 2
79 89 3
79 90 1
80 87 1
80 88 5
81 88 5
82 87 1
82 88 4
82 89 2
82 90 4
84 88 4
85 89 3
86 87 4
91 98 5
92 97 2
93 98 5
93 99 2
94 97 2
94 98 5
91 103 2
92 102 4
93 101 3
94 104 3
95 102 2
96 102 5
98 103 5
99 103 4
91 107 5
91 108 4
92 108 2
93 106 4
93 108 4
94 105 3
95 106 5
95 107 5
96 107 2
98 108 3
99 106 1
100 105 5
100 106 5
101 107 3
102 105 2
102 107 3
103 105 5
103 106 2
103 108 3
104 105 3
110 114 1
111 114 4
112 114 2
111 115 2
111 116 3
112 115 5
112 118 5
113 115 1
113 116 4
114 117 1
110 119 1
117 119 5
110 120 4
111 120 2
114 120 1
116 120 2
123 128 2
125 127 2
121 132 2
123 132 2
126 131 4
127 130 5
127 131 5
128 129 3
128 131 5
133 136 1
135 137 2
133 138 1
134 139 2
134 141 3
135 138 2
135 142 3
137 141 1
134 144 2
135 143 1
136 143 5
136 144 2
137 143 2
137 145 2
138 144 5
139 145 3
140 143 2
140 144 5
141 144 5
142 144 3
142 145 1
133 148 1
134 147 1
134 149 4
136 146 5
136 148 4
138 148 1
138 149 5
139 147 5
139 149 1
141 146 1
141 148 5
142 147 1
142 148 2
144 147 2
151 155 5
154 155 4
150 157 4
151 158 4
151 159 5
152 158 4
153 157 4
154 159 1
155 157 5
155 158 1
156 158 1
155 160 1
161 170 3
162 167 3
162 168 5
163 170 4
165 167 3
165 169 3
166 167 5
166 169 1
161 172 4
163 172 5
164 172 3
168 171 5
170 172 4
175 178 4
176 178 2
174 179 4
174 183 3
176 179 5
177 181 3
177 183 5
178 183 2
185 187 1
186 189 4
184 191 2
185 191 3
187 191 1
188 191 2
188 192 2
189 192 2
191 192 3
193 194 5
194 195 1
198 203 4
199 201 5
199 202 2
199 203 5
200 204 3
200 205 3
201 205 1
198 206 4
203 206 5
204 206 5
205 206 4
208 211 2
208 212 4
209 212 1
210 211 4
210 212 3
209 215 4
209 217 3
210 213 5
210 217 5
211 213 3
211 215 5
212 215 2
212 216 5
208 218 4
208 220 3
209 219 2
210 219 3
211 218 5
212 218 3
213 218 3
215 218 1
215 220 3
216 220 3
208 223 1
208 224 1
209 221 1
209 223 5
209 224 3
210 222 5
211 223 4
212 223 2
213 223 1
213 225 1
214 221 5
214 224 5
214 225 2
215 222 4
216 223 4
217 222 2
217 223 1
218 225 5
219 222 4
219 225 5
220 221 5
229 231 5
226 232 1
227 232 3
227 233 3
227 236 4
228 234 4
228 236 1
229 234 2
229 235 5
230 234 1
231 235 2
237 241 3
240 241 3
243 244 4
243 246 3
242 247 5
248 252 5
249 250 5
248 254 1
248 257 4
249 257 4
250 253 4
250 254 2
250 256 5
250 257 5
251 253 2
251 256 5
252 254 2
252 255 3
252 257 5
250 258 1
259 265 4
260 265 3
260 267 4
262 266 1
262 267 1
259 269 5
259 270 5
264 271 3
265 269 3
266 270 4
268 271 5
260 272 4
262 272 4
263 272 4
264 273 4
265 273 1
266 273 1
270 273 3
271 272 3
274 282 4
275 281 1
275 282 5
276 282 3
277 280 4
277 281 4
277 282 5
278 281 2
278 282 2
277 283 2
277 284 5
278 285 5
282 283 1
281 286 5
284 286 2
50
