19 3
14 20
8 4
3 0
15 26
17 37
15 23
19 39
11 13
19 44
12 12
11 8
11 8
11 11
21 49
15 28
9 7
6 3
10 14
3 1
2.4 3 3.6
4 5 6
2.4 3 3.6
2.4 3 3.6
0.8 1 1.2
3.2 4 4.8
4 5 6
3.2 4 4.8
4 5 6
1.6 2 2.4
0.8 1 1.2
4 5 6
0.8 1 1.2
1.6 2 2.4
2.4 3 3.6
4 5 6
4 5 6
3.2 4 4.8
2.4 3 3.6
1.6 2 2.4
2.4 3 3.6
3.2 4 4.8
2.4 3 3.6
3.2 4 4.8
1.6 2 2.4
4 5 6
2.4 3 3.6
2.4 3 3.6
3.2 4 4.8
4 5 6
0.8 1 1.2
2.4 3 3.6
1.6 2 2.4
4 5 6
0.8 1 1.2
2.4 3 3.6
1.6 2 2.4
0.8 1 1.2
0.8 1 1.2
1.6 2 2.4
4 5 6
1.6 2 2.4
1.6 2 2.4
0.8 1 1.2
0.8 1 1.2
2.4 3 3.6
4 5 6
2.4 3 3.6
4 5 6
4 5 6
4 5 6
4 5 6
4 5 6
0.8 1 1.2
4 5 6
4 5 6
1.6 2 2.4
1.6 2 2.4
1.6 2 2.4
0.8 1 1.2
4 5 6
0.8 1 1.2
2.4 3 3.6
2.4 3 3.6
0.8 1 1.2
1.6 2 2.4
2.4 3 3.6
1.6 2 2.4
3.2 4 4.8
1.6 2 2.4
1.6 2 2.4
2.4 3 3.6
3.2 4 4.8
4 5 6
0.8 1 1.2
0.8 1 1.2
4 5 6
2.4 3 3.6
2.4 3 3.6
3.2 4 4.8
3.2 4 4.8
2.4 3 3.6
1.6 2 2.4
2.4 3 3.6
0.8 1 1.2
1.6 2 2.4
4 5 6
0.8 1 1.2
1.6 2 2.4
0.8 1 1.2
0.8 1 1.2
0.8 1 1.2
4 5 6
3.2 4 4.8
1.6 2 2.4
0.8 1 1.2
2.4 3 3.6
3.2 4 4.8
0.8 1 1.2
1.6 2 2.4
0.8 1 1.2
2.4 3 3.6
1.6 2 2.4
1.6 2 2.4
2.4 3 3.6
0.8 1 1.2
1.6 2 2.4
1.6 2 2.4
1.6 2 2.4
4 5 6
0.8 1 1.2
0.8 1 1.2
4 5 6
1.6 2 2.4
2.4 3 3.6
0.8 1 1.2
2.4 3 3.6
2.4 3 3.6
1.6 2 2.4
0.8 1 1.2
1.6 2 2.4
0.8 1 1.2
3.2 4 4.8
3.2 4 4.8
3.2 4 4.8
4 5 6
3.2 4 4.8
1.6 2 2.4
1.6 2 2.4
0.8 1 1.2
3.2 4 4.8
3.2 4 4.8
1.6 2 2.4
1.6 2 2.4
4 5 6
3.2 4 4.8
0.8 1 1.2
4 5 6
3.2 4 4.8
0.8 1 1.2
1.6 2 2.4
0.8 1 1.2
4 5 6
1.6 2 2.4
3.2 4 4.8
3.2 4 4.8
4 5 6
4 5 6
4 5 6
2.4 3 3.6
4 5 6
3.2 4 4.8
2.4 3 3.6
3.2 4 4.8
4 5 6
4 5 6
4 5 6
3.2 4 4.8
4 5 6
4 5 6
1.6 2 2.4
4 5 6
1.6 2 2.4
1.6 2 2.4
2.4 3 3.6
0.8 1 1.2
2.4 3 3.6
4 5 6
0.8 1 1.2
2.4 3 3.6
0.8 1 1.2
4 5 6
2.4 3 3.6
1.6 2 2.4
4 5 6
1.6 2 2.4
2.4 3 3.6
4 5 6
2.4 3 3.6
1.6 2 2.4
3.2 4 4.8
0.8 1 1.2
0.8 1 1.2
1.6 2 2.4
0.8 1 1.2
0.8 1 1.2
4 5 6
1.6 2 2.4
2.4 3 3.6
4 5 6
4 5 6
1.6 2 2.4
1.6 2 2.4
3.2 4 4.8
4 5 6
0.8 1 1.2
4 5 6
3.2 4 4.8
2.4 3 3.6
3.2 4 4.8
0.8 1 1.2
4 5 6
3.2 4 4.8
4 5 6
1.6 2 2.4
1.6 2 2.4
1.6 2 2.4
3.2 4 4.8
4 5 6
4 5 6
4 5 6
2.4 3 3.6
4 5 6
1.6 2 2.4
4 5 6
3.2 4 4.8
0.8 1 1.2
0.8 1 1.2
0.8 1 1.2
4 5 6
0.8 1 1.2
2.4 3 3.6
4 5 6
0.8 1 1.2
3.2 4 4.8
4 5 6
0.8 1 1.2
1.6 2 2.4
4 5 6
0.8 1 1.2
0 5 5
0 7 2
2 7 2
2 8 2
3 4 5
3 5 3
2 9 1
2 10 2
3 10 4
6 9 3
8 9 5
0 11 5
0 13 1
1 12 4
2 12 2
3 11 5
3 12 4
5 11 2
7 12 1
8 13 4
15 17 1
15 19 3
15 20 1
17 18 2
25 31 5
26 28 2
26 30 3
26 31 3
26 32 3
27 30 3
27 32 5
28 33 1
30 33 3
31 33 3
25 34 1
26 34 3
27 34 5
31 35 5
32 34 3
33 34 3
26 37 5
29 38 3
31 36 1
32 36 5
33 37 2
33 39 5
34 36 2
34 38 4
34 39 3
35 39 3
41 44 4
41 45 2
41 46 4
43 46 2
40 47 4
40 50 1
42 47 1
42 49 4
44 48 5
44 50 4
44 51 3
46 47 1
46 51 3
41 55 4
42 52 1
42 56 2
43 56 4
44 53 5
44 55 2
44 56 1
45 52 1
45 54 1
45 55 1
46 52 4
46 54 2
47 52 2
47 56 5
48 56 2
49 53 2
49 55 1
49 56 3
50 52 3
50 53 5
50 54 2
50 56 2
51 52 4
51 55 1
61 62 3
61 63 3
60 65 4
62 64 2
63 64 3
63 65 3
57 67 3
58 66 4
58 67 5
61 67 4
62 66 2
62 68 3
62 70 2
63 68 5
63 69 3
64 69 5
65 67 1
57 71 3
58 71 1
59 71 4
60 71 5
64 71 3
68 71 5
72 78 5
73 78 3
75 78 5
75 79 2
77 79 4
72 81 3
72 85 3
73 82 1
73 84 1
73 85 2
74 81 3
74 82 4
74 84 4
75 84 2
75 85 1
77 83 1
78 81 4
78 83 1
79 83 5
80 83 3
72 88 5
75 86 5
75 87 1
76 90 2
77 88 2
77 90 5
78 89 2
78 90 2
79 86 5
79 90 5
80 87 1
81 86 2
81 88 3
83 87 3
83 89 4
84 86 4
84 87 3
84 88 4
85 88 2
91 93 2
91 96 2
91 97 1
91 98 5
92 95 1
93 95 1
94 96 3
94 98 3
91 101 2
93 99 1
93 101 4
97 99 2
98 99 4
102 107 1
104 107 4
106 107 4
102 109 5
103 111 3
104 110 5
105 109 2
106 109 5
106 110 5
106 111 4
107 109 3
108 109 3
108 110 5
102 113 1
103 114 5
104 113 4
104 115 2
107 116 2
108 112 1
108 115 4
108 116 4
109 112 5
109 114 5
110 113 4
110 116 5
103 118 1
103 119 5
103 120 5
104 120 2
105 119 5
105 120 3
107 117 4
107 118 5
108 119 5
109 119 2
112 117 2
112 119 4
112 120 4
113 118 4
114 118 5
115 117 3
115 118 4
115 119 5
116 119 1
122 124 3
121 128 3
121 129 4
122 128 3
123 126 2
123 129 3
124 125 1
124 128 4
123 130 4
124 130 2
123 132 5
126 131 2
133 137 5
134 137 5
136 137 1
136 138 3
136 139 2
137 142 1
137 143 2
138 143 2
144 152 4
145 150 3
145 151 1
145 153 5
146 149 4
149 154 5
151 154 4
152 154 2
156 158 4
155 159 4
156 161 1
155 163 2
156 164 2
156 165 3
158 164 2
158 165 1
159 163 4
159 164 1
161 165 1
166 173 4
167 171 4
167 172 3
167 173 5
166 175 1
166 176 3
167 176 4
168 174 5
169 176 2
169 177 3
170 174 1
170 177 5
172 174 5
173 174 1
173 175 3
173 177 1
166 180 2
167 181 3
168 181 5
169 179 1
169 180 1
170 180 2
171 182 1
172 180 3
173 179 2
173 180 4
173 181 4
174 182 2
175 181 4
175 183 4
176 181 1
177 180 3
166 184 2
166 185 2
167 185 5
168 184 3
169 184 5
171 185 5
172 186 5
173 185 1
174 186 4
175 184 2
176 185 5
176 186 2
178 185 3
179 185 2
180 185 3
181 185 1
183 186 1
188 192 4
190 192 4
187 193 4
189 193 2
189 194 5
191 193 5
191 194 5
191 196 3
192 193 5
192 194 5
192 195 5
192 196 1
187 197 2
189 197 2
190 197 4
187 198 2
187 199 3
188 199 2
188 201 2
189 198 1
190 200 1
191 198 2
193 200 2
193 201 3
194 198 2
194 200 4
196 199 5
196 200 1
203 204 3
202 207 2
206 207 4
202 209 3
203 208 4
205 209 2
206 210 3
212 214 5
212 215 2
212 216 1
218 223 5
219 222 2
219 223 5
221 222 1
217 224 1
219 224 3
220 224 5
222 224 5
218 226 3
219 225 1
221 225 1
221 226 3
223 226 2
224 226 5
228 229 4
50
