42 3
8 5
13 11
9 6
12 13
16 24
12 11
8 5
11 13
10 8
9 10
9 9
16 28
20 40
12 9
16 32
8 3
12 15
11 14
8 6
7 1
7 4
10 14
10 7
8 3
16 26
14 24
21 47
20 46
7 4
12 18
15 24
13 18
20 43
17 35
18 32
10 8
17 44
14 16
8 4
15 22
13 17
12 17
4 5 6
3.2 4 4.8
2.4 3 3.6
0.8 1 1.2
4 5 6
2.4 3 3.6
4 5 6
2.4 3 3.6
3.2 4 4.8
3.2 4 4.8
3.2 4 4.8
0.8 1 1.2
2.4 3 3.6
3.2 4 4.8
4 5 6
4 5 6
1.6 2 2.4
2.4 3 3.6
4 5 6
1.6 2 2.4
0.8 1 1.2
1.6 2 2.4
0.8 1 1.2
3.2 4 4.8
0.8 1 1.2
3.2 4 4.8
3.2 4 4.8
3.2 4 4.8
4 5 6
0.8 1 1.2
3.2 4 4.8
3.2 4 4.8
0.8 1 1.2
1.6 2 2.4
3.2 4 4.8
2.4 3 3.6
3.2 4 4.8
0.8 1 1.2
0.8 1 1.2
0.8 1 1.2
4 5 6
1.6 2 2.4
0.8 1 1.2
0.8 1 1.2
1.6 2 2.4
1.6 2 2.4
1.6 2 2.4
0.8 1 1.2
3.2 4 4.8
0.8 1 1.2
4 5 6
2.4 3 3.6
1.6 2 2.4
0.8 1 1.2
1.6 2 2.4
3.2 4 4.8
2.4 3 3.6
1.6 2 2.4
3.2 4 4.8
3.2 4 4.8
2.4 3 3.6
0.8 1 1.2
0.8 1 1.2
2.4 3 3.6
2.4 3 3.6
1.6 2 2.4
1.6 2 2.4
2.4 3 3.6
4 5 6
2.4 3 3.6
2.4 3 3.6
0.8 1 1.2
3.2 4 4.8
1.6 2 2.4
3.2 4 4.8
3.2 4 4.8
1.6 2 2.4
1.6 2 2.4
1.6 2 2.4
2.4 3 3.6
4 5 6
1.6 2 2.4
2.4 3 3.6
0.8 1 1.2
4 5 6
3.2 4 4.8
3.2 4 4.8
0.8 1 1.2
2.4 3 3.6
2.4 3 3.6
3.2 4 4.8
3.2 4 4.8
2.4 3 3.6
2.4 3 3.6
3.2 4 4.8
3.2 4 4.8
4 5 6
2.4 3 3.6
1.6 2 2.4
2.4 3 3.6
0.8 1 1.2
3.2 4 4.8
1.6 2 2.4
4 5 6
3.2 4 4.8
1.6 2 2.4
3.2 4 4.8
1.6 2 2.4
1.6 2 2.4
4 5 6
3.2 4 4.8
4 5 6
0.8 1 1.2
3.2 4 4.8
3.2 4 4.8
4 5 6
3.2 4 4.8
2.4 3 3.6
3.2 4 4.8
3.2 4 4.8
4 5 6
2.4 3 3.6
2.4 3 3.6
0.8 1 1.2
3.2 4 4.8
3.2 4 4.8
3.2 4 4.8
1.6 2 2.4
1.6 2 2.4
2.4 3 3.6
1.6 2 2.4
3.2 4 4.8
2.4 3 3.6
0.8 1 1.2
1.6 2 2.4
3.2 4 4.8
4 5 6
0.8 1 1.2
4 5 6
1.6 2 2.4
1.6 2 2.4
1.6 2 2.4
1.6 2 2.4
0.8 1 1.2
3.2 4 4.8
1.6 2 2.4
3.2 4 4.8
2.4 3 3.6
4 5 6
0.8 1 1.2
3.2 4 4.8
1.6 2 2.4
1.6 2 2.4
4 5 6
4 5 6
0.8 1 1.2
1.6 2 2.4
1.6 2 2.4
1.6 2 2.4
1.6 2 2.4
3.2 4 4.8
2.4 3 3.6
2.4 3 3.6
4 5 6
2.4 3 3.6
2.4 3 3.6
2.4 3 3.6
4 5 6
2.4 3 3.6
1.6 2 2.4
3.2 4 4.8
3.2 4 4.8
0.8 1 1.2
0.8 1 1.2
0.8 1 1.2
0.8 1 1.2
0.8 1 1.2
3.2 4 4.8
4 5 6
0.8 1 1.2
4 5 6
2.4 3 3.6
2.4 3 3.6
2.4 3 3.6
2.4 3 3.6
0.8 1 1.2
1.6 2 2.4
2.4 3 3.6
0.8 1 1.2
0.8 1 1.2
4 5 6
3.2 4 4.8
3.2 4 4.8
3.2 4 4.8
2.4 3 3.6
0.8 1 1.2
3.2 4 4.8
1.6 2 2.4
3.2 4 4.8
1.6 2 2.4
0.8 1 1.2
0.8 1 1.2
0.8 1 1.2
3.2 4 4.8
3.2 4 4.8
0.8 1 1.2
2.4 3 3.6
0.8 1 1.2
1.6 2 2.4
2.4 3 3.6
0.8 1 1.2
2.4 3 3.6
4 5 6
3.2 4 4.8
3.2 4 4.8
4 5 6
4 5 6
1.6 2 2.4
4 5 6
3.2 4 4.8
0.8 1 1.2
3.2 4 4.8
1.6 2 2.4
2.4 3 3.6
2.4 3 3.6
3.2 4 4.8
4 5 6
0.8 1 1.2
1.6 2 2.4
2.4 3 3.6
2.4 3 3.6
0.8 1 1.2
0.8 1 1.2
2.4 3 3.6
1.6 2 2.4
4 5 6
4 5 6
1.6 2 2.4
2.4 3 3.6
3.2 4 4.8
0.8 1 1.2
0.8 1 1.2
1.6 2 2.4
3.2 4 4.8
4 5 6
3.2 4 4.8
2.4 3 3.6
4 5 6
0.8 1 1.2
3.2 4 4.8
1.6 2 2.4
2.4 3 3.6
2.4 3 3.6
1.6 2 2.4
2.4 3 3.6
4 5 6
0.8 1 1.2
4 5 6
0.8 1 1.2
4 5 6
3.2 4 4.8
3.2 4 4.8
4 5 6
2.4 3 3.6
3.2 4 4.8
2.4 3 3.6
3.2 4 4.8
2.4 3 3.6
1.6 2 2.4
3.2 4 4.8
4 5 6
3.2 4 4.8
3.2 4 4.8
3.2 4 4.8
1.6 2 2.4
3.2 4 4.8
2.4 3 3.6
4 5 6
0.8 1 1.2
3.2 4 4.8
3.2 4 4.8
2.4 3 3.6
3.2 4 4.8
0.8 1 1.2
1.6 2 2.4
0.8 1 1.2
3.2 4 4.8
3.2 4 4.8
1.6 2 2.4
2.4 3 3.6
3.2 4 4.8
0.8 1 1.2
3.2 4 4.8
4 5 6
2.4 3 3.6
3.2 4 4.8
1.6 2 2.4
1.6 2 2.4
1.6 2 2.4
0.8 1 1.2
3.2 4 4.8
1.6 2 2.4
4 5 6
3.2 4 4.8
0.8 1 1.2
2.4 3 3.6
2.4 3 3.6
1.6 2 2.4
2.4 3 3.6
4 5 6
1.6 2 2.4
3.2 4 4.8
0.8 1 1.2
1.6 2 2.4
4 5 6
2.4 3 3.6
3.2 4 4.8
1.6 2 2.4
3.2 4 4.8
0.8 1 1.2
1.6 2 2.4
4 5 6
2.4 3 3.6
1.6 2 2.4
2.4 3 3.6
1.6 2 2.4
4 5 6
2.4 3 3.6
0.8 1 1.2
1.6 2 2.4
2.4 3 3.6
1.6 2 2.4
0.8 1 1.2
2.4 3 3.6
3.2 4 4.8
4 5 6
2.4 3 3.6
1.6 2 2.4
3.2 4 4.8
4 5 6
0.8 1 1.2
2.4 3 3.6
4 5 6
3.2 4 4.8
0.8 1 1.2
4 5 6
4 5 6
2.4 3 3.6
3.2 4 4.8
3.2 4 4.8
4 5 6
2.4 3 3.6
4 5 6
1.6 2 2.4
1.6 2 2.4
1.6 2 2.4
1.6 2 2.4
2.4 3 3.6
2.4 3 3.6
1.6 2 2.4
0.8 1 1.2
0.8 1 1.2
2.4 3 3.6
3.2 4 4.8
1.6 2 2.4
4 5 6
1.6 2 2.4
4 5 6
0.8 1 1.2
0.8 1 1.2
0.8 1 1.2
4 5 6
1.6 2 2.4
1.6 2 2.4
3.2 4 4.8
0.8 1 1.2
0.8 1 1.2
3.2 4 4.8
1.6 2 2.4
3.2 4 4.8
2.4 3 3.6
4 5 6
3.2 4 4.8
2.4 3 3.6
3.2 4 4.8
2.4 3 3.6
2.4 3 3.6
2.4 3 3.6
2.4 3 3.6
1.6 2 2.4
3.2 4 4.8
3.2 4 4.8
1.6 2 2.4
0.8 1 1.2
1.6 2 2.4
4 5 6
4 5 6
1.6 2 2.4
3.2 4 4.8
1.6 2 2.4
3.2 4 4.8
4 5 6
1.6 2 2.4
2.4 3 3.6
0.8 1 1.2
0.8 1 1.2
3.2 4 4.8
3.2 4 4.8
0.8 1 1.2
2.4 3 3.6
1.6 2 2.4
2.4 3 3.6
4 5 6
0.8 1 1.2
3.2 4 4.8
3.2 4 4.8
2.4 3 3.6
0.8 1 1.2
3.2 4 4.8
3.2 4 4.8
3.2 4 4.8
1.6 2 2.4
3.2 4 4.8
4 5 6
0.8 1 1.2
2.4 3 3.6
0.8 1 1.2
3.2 4 4.8
1.6 2 2.4
4 5 6
0.8 1 1.2
4 5 6
2.4 3 3.6
3.2 4 4.8
0.8 1 1.2
0.8 1 1.2
0.8 1 1.2
1.6 2 2.4
3.2 4 4.8
1.6 2 2.4
4 5 6
1.6 2 2.4
0.8 1 1.2
2.4 3 3.6
4 5 6
4 5 6
1.6 2 2.4
0.8 1 1.2
4 5 6
4 5 6
1.6 2 2.4
0.8 1 1.2
2.4 3 3.6
4 5 6
1.6 2 2.4
4 5 6
0.8 1 1.2
3.2 4 4.8
1.6 2 2.4
2.4 3 3.6
4 5 6
0.8 1 1.2
1.6 2 2.4
2.4 3 3.6
4 5 6
1.6 2 2.4
0.8 1 1.2
2.4 3 3.6
1.6 2 2.4
0.8 1 1.2
2.4 3 3.6
1.6 2 2.4
3.2 4 4.8
0.8 1 1.2
1.6 2 2.4
1.6 2 2.4
3.2 4 4.8
4 5 6
0.8 1 1.2
0.8 1 1.2
2.4 3 3.6
3.2 4 4.8
4 5 6
4 5 6
1.6 2 2.4
3.2 4 4.8
4 5 6
1.6 2 2.4
4 5 6
1.6 2 2.4
2.4 3 3.6
4 5 6
3.2 4 4.8
3.2 4 4.8
2.4 3 3.6
3.2 4 4.8
3.2 4 4.8
1.6 2 2.4
3.2 4 4.8
2.4 3 3.6
0.8 1 1.2
1.6 2 2.4
2.4 3 3.6
3.2 4 4.8
2.4 3 3.6
3.2 4 4.8
0.8 1 1.2
0.8 1 1.2
2.4 3 3.6
3.2 4 4.8
2.4 3 3.6
3.2 4 4.8
2.4 3 3.6
3.2 4 4.8
1.6 2 2.4
3.2 4 4.8
3.2 4 4.8
1.6 2 2.4
3.2 4 4.8
0.8 1 1.2
3.2 4 4.8
1.6 2 2.4
1.6 2 2.4
0.8 1 1.2
0 3 3
0 5 1
1 7 5
2 6 5
2 7 3
9 15 4
10 13 4
10 15 4
11 14 1
9 19 1
12 17 3
14 20 1
15 17 2
15 18 3
15 20 1
16 20 5
21 26 1
21 28 1
22 27 1
23 27 5
23 29 1
26 29 4
33 34 2
30 36 3
31 37 3
32 35 3
32 36 4
32 39 1
33 38 4
34 36 1
34 39 2
31 41 5
34 40 4
36 41 2
38 40 5
45 47 4
42 49 1
43 49 1
43 50 3
44 50 5
44 52 2
45 51 4
46 49 1
46 52 2
47 49 1
47 50 1
47 52 2
43 54 3
48 53 2
50 53 1
52 53 1
52 54 4
43 55 4
45 56 3
45 57 4
47 56 5
51 55 2
51 56 4
54 56 5
59 64 3
62 63 5
58 65 3
59 66 1
62 65 2
62 66 1
62 68 1
63 65 3
63 67 2
64 67 2
64 68 4
71 72 3
71 75 4
72 75 4
73 77 1
74 77 4
78 83 1
79 83 2
79 84 3
80 85 4
80 86 3
81 84 3
82 86 2
82 87 1
78 88 3
79 88 2
85 88 5
86 88 2
87 88 1
89 94 2
89 95 3
89 97 5
90 96 2
90 97 4
91 97 5
92 97 2
93 96 1
99 103 4
99 104 2
100 105 3
101 104 3
103 105 5
99 106 5
99 107 5
100 106 4
103 106 5
103 107 4
108 110 2
108 111 3
108 113 5
108 114 1
109 114 4
110 114 3
110 115 2
112 115 1
108 116 2
117 121 4
117 123 5
117 124 1
117 125 1
118 122 1
118 125 3
119 122 3
120 122 4
117 129 3
119 127 5
119 128 1
119 129 5
120 129 1
121 127 3
122 127 1
123 129 1
124 127 1
126 127 5
117 130 5
118 130 2
120 130 1
123 131 1
124 132 2
125 131 5
125 132 4
126 130 1
128 131 3
129 132 4
133 142 5
135 138 4
135 139 3
135 141 2
136 138 1
137 138 4
134 145 1
136 146 4
137 146 2
138 143 3
138 145 4
138 147 5
139 143 5
139 144 4
140 144 2
140 145 1
140 147 4
141 145 1
142 143 2
142 145 3
142 146 1
134 148 3
135 148 5
135 151 2
136 148 4
137 148 3
137 150 3
138 148 3
138 149 3
140 148 4
140 149 1
140 150 2
141 148 4
141 150 4
141 151 5
142 152 4
146 152 5
147 148 3
147 150 4
147 151 2
153 158 1
153 159 3
156 159 4
153 164 4
156 164 1
157 160 2
158 161 4
159 161 2
159 164 5
165 171 3
165 172 3
165 173 4
166 171 1
165 174 3
165 175 5
165 176 1
166 174 2
168 175 2
170 174 3
170 176 1
171 174 2
172 175 1
173 174 4
165 179 5
166 177 2
166 178 2
167 179 2
168 177 3
168 178 4
168 179 3
170 178 1
171 179 2
172 178 4
173 177 4
166 180 5
167 180 5
170 180 3
171 180 5
174 180 2
175 180 1
179 180 2
181 188 4
182 187 5
184 187 1
189 192 3
189 193 1
189 195 5
192 195 1
194 196 3
193 197 1
195 197 3
189 199 3
190 198 3
191 200 2
194 198 4
194 199 1
195 200 5
196 198 4
196 200 4
201 204 4
201 206 5
201 209 1
201 211 1
202 209 2
203 209 2
204 207 1
204 209 4
205 208 1
205 209 2
205 210 3
205 211 3
206 208 3
206 211 3
214 216 3
212 217 3
213 217 5
214 217 4
216 218 5
216 219 1
221 223 5
227 230 4
227 231 2
227 233 5
230 232 3
234 235 4
234 237 5
234 240 3
235 240 5
238 240 1
234 241 3
235 241 1
235 243 1
236 243 3
238 241 2
238 243 1
239 243 1
240 242 3
240 243 1
245 249 2
248 250 1
244 252 3
245 253 5
246 253 5
250 251 5
250 253 4
254 255 5
254 259 3
254 260 1
263 268 3
266 267 3
262 270 4
264 272 1
266 269 2
266 270 4
268 269 5
262 273 3
264 273 4
262 275 1
262 277 2
264 274 2
264 275 5
264 276 4
264 277 4
266 275 3
266 277 4
267 276 2
268 274 2
268 277 5
269 276 3
270 274 4
270 276 2
271 276 5
272 274 3
272 276 4
278 283 3
279 285 4
280 285 1
281 283 3
278 287 4
279 286 2
279 287 3
280 286 4
282 286 4
283 286 3
278 288 4
278 289 5
278 291 1
279 291 4
280 288 1
280 289 3
280 290 1
281 289 5
284 291 2
285 289 2
285 291 2
286 288 1
286 289 3
286 291 3
292 298 1
292 300 3
292 301 4
293 301 4
295 299 5
295 300 3
292 302 5
292 306 4
294 303 4
294 304 1
294 306 4
295 306 2
296 303 1
296 306 2
297 303 5
297 305 5
298 302 2
298 304 1
300 304 4
300 305 5
292 307 5
293 307 3
296 307 5
297 308 5
292 312 3
293 309 5
294 310 5
294 312 2
295 309 5
296 309 2
296 310 5
298 311 1
299 310 3
299 311 1
299 312 2
300 311 3
302 309 1
302 312 3
303 309 5
303 311 1
303 312 5
305 309 5
305 311 1
306 310 3
306 311 1
307 309 1
307 312 1
313 320 3
315 319 4
315 320 3
316 319 3
316 321 5
317 321 2
313 323 1
314 323 5
314 324 5
315 322 1
315 325 3
317 325 4
318 322 4
318 325 4
318 326 2
319 325 1
320 325 2
321 323 3
321 326 5
313 327 2
313 328 2
314 327 3
314 329 3
315 329 1
316 328 5
316 329 5
318 327 3
318 329 3
319 327 5
319 328 4
320 327 5
324 327 4
314 330 2
314 331 1
316 332 2
318 330 3
318 332 2
319 330 1
319 331 4
321 331 5
323 330 2
323 332 5
325 330 2
327 331 5
327 332 5
329 330 1
333 337 3
333 338 3
334 337 1
335 336 3
340 344 3
340 345 4
341 344 5
342 345 4
343 344 5
341 347 4
343 346 4
343 347 3
343 348 1
344 347 1
344 348 5
345 348 2
340 349 5
341 349 3
346 349 5
347 351 3
348 350 4
348 351 1
352 358 4
354 356 4
354 360 5
355 358 3
355 360 2
355 361 2
357 361 3
358 361 1
359 361 4
352 363 5
352 364 1
353 365 5
354 362 1
354 365 2
356 362 5
356 363 2
358 363 2
358 365 4
358 366 3
359 364 3
359 365 4
359 366 3
360 362 2
361 363 5
368 372 4
369 374 2
367 377 5
367 379 5
368 377 3
368 379 1
369 375 2
369 376 2
369 378 4
370 379 2
371 375 1
371 376 5
371 377 3
372 378 4
372 379 3
373 376 2
373 379 2
374 377 1
380 385 2
382 388 1
383 386 2
383 390 5
384 386 1
384 387 2
385 386 4
380 391 3
380 392 4
381 391 5
381 395 2
382 393 1
382 394 1
383 391 2
383 392 3
383 393 2
383 394 5
383 395 5
384 395 1
385 395 3
386 391 1
386 393 5
386 394 5
387 392 4
388 394 5
388 395 4
389 394 2
390 394 3
390 395 5
380 396 3
382 397 2
383 398 1
384 399 2
385 396 3
385 397 5
386 398 4
389 396 1
389 398 5
390 396 3
391 399 2
392 396 4
393 397 5
395 398 3
400 406 3
401 407 2
401 408 1
402 405 4
403 408 3
400 410 2
402 410 3
403 410 5
406 410 2
407 410 3
400 413 2
401 411 4
403 412 2
404 411 1
404 412 1
405 413 3
407 412 1
408 411 3
408 413 1
409 411 3
400 414 3
401 416 3
402 414 5
403 416 3
404 415 1
404 416 1
405 414 5
405 415 4
406 416 2
408 414 1
409 414 3
410 414 1
410 415 1
411 414 5
411 416 2
418 420 2
417 423 3
417 424 4
418 422 4
419 423 4
420 426 1
421 426 5
418 429 1
418 430 5
420 427 5
420 430 4
421 429 1
422 428 3
422 430 2
423 428 4
424 427 4
424 428 1
424 430 2
425 429 4
425 431 2
426 430 5
418 432 2
419 432 1
421 432 2
422 432 5
423 432 5
423 434 5
424 434 1
425 434 5
427 433 5
428 434 4
431 433 1
439 440 1
437 441 5
437 442 2
437 443 3
438 441 1
439 441 3
440 444 1
443 444 2
445 448 1
445 449 2
445 450 1
445 452 3
445 453 1
446 452 2
446 453 1
447 450 2
447 451 1
447 452 4
447 453 2
448 453 4
449 451 5
449 453 4
445 455 3
446 456 3
447 454 2
447 455 2
448 454 3
448 455 1
449 454 4
450 454 3
451 454 3
453 454 3
453 456 3
446 457 1
446 460 3
447 459 4
448 457 4
448 458 5
449 459 5
449 460 1
449 461 4
450 459 4
450 460 4
450 461 4
451 459 5
452 457 1
452 458 5
453 459 3
453 461 2
455 457 1
456 459 5
456 461 1
463 465 2
462 469 4
463 467 1
463 469 2
464 466 2
465 466 5
464 472 3
465 474 2
466 471 2
466 473 3
467 472 5
467 475 2
468 471 1
468 474 3
468 475 4
470 472 3
476 482 4
479 483 3
480 483 5
482 483 1
485 492 4
485 493 4
485 494 5
486 492 1
486 494 2
487 494 4
488 494 1
490 491 2
484 497 1
485 497 1
485 498 4
488 495 4
489 497 3
489 498 1
490 496 2
490 497 2
490 498 4
491 498 1
492 495 3
493 497 2
494 495 5
494 498 3
500 505 4
500 506 4
501 506 1
502 505 2
500 507 4
500 508 3
501 507 3
502 507 1
503 507 5
503 508 5
503 509 2
504 508 4
504 509 5
499 511 4
502 510 5
503 510 4
508 510 4
512 517 1
512 519 4
513 516 2
513 518 1
514 516 4
514 517 3
514 519 3
515 519 2
513 521 3
515 520 1
515 521 4
517 521 3
517 522 4
518 522 3
519 522 1
519 523 4
521 523 3
50
