8 3
10 9
12 9
10 8
10 14
15 27
14 20
14 20
17 30
12 15 18
5.6 7 8.4
4 5 6
10.4 13 15.6
8.8 11 13.2
0.8 1 1.2
4 5 6
7.2 9 10.8
12 15 18
5.6 7 8.4
0.8 1 1.2
9.6 12 14.4
1.6 2 2.4
4.8 6 7.2
5.6 7 8.4
11.2 14 16.8
3.2 4 4.8
9.6 12 14.4
10.4 13 15.6
0.8 1 1.2
6.4 8 9.6
6.4 8 9.6
0.8 1 1.2
6.4 8 9.6
0.8 1 1.2
3.2 4 4.8
7.2 9 10.8
8 10 12
12 15 18
6.4 8 9.6
10.4 13 15.6
8 10 12
10.4 13 15.6
8.8 11 13.2
8 10 12
12 15 18
7.2 9 10.8
6.4 8 9.6
10.4 13 15.6
4 5 6
8 10 12
8 10 12
6.4 8 9.6
8 10 12
8.8 11 13.2
12 15 18
12 15 18
12 15 18
11.2 14 16.8
1.6 2 2.4
1.6 2 2.4
1.6 2 2.4
9.6 12 14.4
9.6 12 14.4
3.2 4 4.8
8.8 11 13.2
8.8 11 13.2
4.8 6 7.2
12 15 18
9.6 12 14.4
2.4 3 3.6
9.6 12 14.4
8.8 11 13.2
10.4 13 15.6
9.6 12 14.4
4.8 6 7.2
4.8 6 7.2
8.8 11 13.2
3.2 4 4.8
9.6 12 14.4
9.6 12 14.4
12 15 18
6.4 8 9.6
11.2 14 16.8
2.4 3 3.6
8.8 11 13.2
3.2 4 4.8
3.2 4 4.8
12 15 18
6.4 8 9.6
4 5 6
9.6 12 14.4
4 5 6
9.6 12 14.4
4.8 6 7.2
12 15 18
4 5 6
0.8 1 1.2
10.4 13 15.6
0.8 1 1.2
8.8 11 13.2
6.4 8 9.6
3.2 4 4.8
3.2 4 4.8
10.4 13 15.6
8.8 11 13.2
5.6 7 8.4
0.8 1 1.2
8.8 11 13.2
8.8 11 13.2
9.6 12 14.4
5.6 7 8.4
1 5 1
4 6 9
6 7 3
0 8 7
0 9 8
3 9 7
4 9 2
5 8 5
6 8 10
12 14 8
10 17 4
10 20 10
11 17 7
11 18 4
12 17 3
14 20 3
15 21 5
16 21 2
22 30 3
23 28 1
23 30 8
23 31 10
24 28 7
24 30 2
24 31 4
26 31 5
32 36 4
32 37 4
33 35 1
34 35 3
35 39 3
37 38 6
37 39 1
32 41 7
34 41 8
35 41 6
36 40 4
37 40 4
38 40 10
39 41 1
43 47 8
46 47 2
42 49 9
43 49 2
43 51 7
44 51 5
44 52 5
45 50 10
45 51 10
45 52 2
46 48 4
47 49 7
43 53 5
45 53 7
42 54 6
42 55 8
43 55 7
45 55 2
46 54 5
46 55 10
46 56 8
47 54 7
48 54 9
48 55 6
48 56 4
50 54 10
51 54 5
57 62 7
57 65 6
58 65 2
59 65 6
60 65 8
61 65 6
57 66 8
59 66 3
60 66 10
62 66 5
58 68 9
58 70 1
61 69 2
62 70 6
63 67 6
63 69 1
64 70 4
65 67 6
66 67 7
66 68 4
72 76 10
73 76 9
74 76 8
72 78 1
72 81 5
73 77 1
75 77 3
75 78 4
75 80 8
76 81 9
72 82 1
72 83 7
72 84 10
73 82 9
74 82 7
74 84 6
76 84 9
78 83 9
80 82 1
81 82 5
86 87 6
87 92 4
88 90 6
88 91 3
88 94 6
89 90 4
89 92 9
85 96 3
85 97 5
85 99 8
86 96 6
86 98 8
87 95 8
87 97 1
87 99 9
88 95 6
88 97 4
88 99 9
89 97 9
89 99 5
91 99 4
92 96 3
93 97 1
85 100 2
86 100 4
91 100 10
93 100 7
96 100 5
98 100 4
99 101 5
50
