2 3
8 8
17 31
8 10 12
5.6 7 8.4
8.8 11 13.2
10.4 13 15.6
12 15 18
8 10 12
2.4 3 3.6
5.6 7 8.4
9.6 12 14.4
10.4 13 15.6
7.2 9 10.8
3.2 4 4.8
12 15 18
4.8 6 7.2
8 10 12
11.2 14 16.8
2.4 3 3.6
8.8 11 13.2
3.2 4 4.8
4 5 6
3.2 4 4.8
3.2 4 4.8
4 5 6
5.6 7 8.4
9.6 12 14.4
0 2 10
1 2 9
0 6 2
1 5 3
2 5 3
3 5 4
2 7 5
3 7 2
8 13 1
8 14 10
10 15 8
12 13 7
12 14 9
9 18 5
9 19 7
10 19 4
10 20 6
10 21 4
11 21 3
12 17 5
12 21 9
15 18 8
16 18 2
8 24 7
10 24 9
11 23 1
11 24 3
12 22 4
13 22 6
13 23 10
13 24 1
15 22 3
17 24 7
18 23 7
19 23 10
20 22 4
21 22 8
21 23 3
21 24 1
30
80
