4 3
18 46
6 1
6 5
6 3
2.4 3 3.6
8 10 12
7.2 9 10.8
9.6 12 14.4
1.6 2 2.4
10.4 13 15.6
4 5 6
0.8 1 1.2
8 10 12
1.6 2 2.4
4.8 6 7.2
5.6 7 8.4
5.6 7 8.4
7.2 9 10.8
2.4 3 3.6
7.2 9 10.8
4.8 6 7.2
10.4 13 15.6
3.2 4 4.8
0.8 1 1.2
12 15 18
3.2 4 4.8
11.2 14 16.8
8.8 11 13.2
8 10 12
3.2 4 4.8
4.8 6 7.2
4.8 6 7.2
0.8 1 1.2
10.4 13 15.6
2.4 3 3.6
6.4 8 9.6
4 5 6
8 10 12
4.8 6 7.2
5.6 7 8.4
0 6 7
0 7 1
1 5 5
3 5 10
3 7 4
1 9 2
1 10 7
1 11 2
2 10 4
2 11 1
2 12 7
3 9 7
4 8 5
4 9 1
6 8 9
6 9 9
7 10 7
7 12 5
0 15 9
0 16 10
0 17 4
1 13 9
2 13 7
2 15 3
2 17 1
3 13 8
4 13 1
4 14 3
5 14 10
5 17 7
6 13 9
6 16 4
6 17 10
7 13 4
7 16 7
8 15 7
8 17 8
9 15 1
10 15 6
10 17 5
11 15 10
11 16 2
11 17 1
12 13 8
12 15 7
12 17 2
18 21 8
24 28 6
25 29 2
26 28 3
27 28 7
27 29 6
30 34 9
31 34 1
30 35 4
50
