9 3
10 11
9 7
13 17
7 5
12 14
18 40
13 14
7 5
14 24
5.6 7 8.4
7.2 9 10.8
5.6 7 8.4
12 15 18
2.4 3 3.6
8 10 12
10.4 13 15.6
4 5 6
4 5 6
12 15 18
11.2 14 16.8
8 10 12
4 5 6
8 10 12
10.4 13 15.6
0.8 1 1.2
0.8 1 1.2
12 15 18
2.4 3 3.6
4.8 6 7.2
7.2 9 10.8
6.4 8 9.6
12 15 18
12 15 18
4.8 6 7.2
8.8 11 13.2
7.2 9 10.8
11.2 14 16.8
2.4 3 3.6
5.6 7 8.4
0.8 1 1.2
7.2 9 10.8
4.8 6 7.2
8 10 12
9.6 12 14.4
8 10 12
6.4 8 9.6
10.4 13 15.6
5.6 7 8.4
4.8 6 7.2
7.2 9 10.8
5.6 7 8.4
5.6 7 8.4
9.6 12 14.4
10.4 13 15.6
0.8 1 1.2
3.2 4 4.8
1.6 2 2.4
5.6 7 8.4
4 5 6
8 10 12
8 10 12
8.8 11 13.2
6.4 8 9.6
11.2 14 16.8
8.8 11 13.2
6.4 8 9.6
4 5 6
11.2 14 16.8
12 15 18
0.8 1 1.2
8.8 11 13.2
10.4 13 15.6
3.2 4 4.8
2.4 3 3.6
5.6 7 8.4
0.8 1 1.2
5.6 7 8.4
9.6 12 14.4
2.4 3 3.6
8 10 12
12 15 18
5.6 7 8.4
6.4 8 9.6
10.4 13 15.6
5.6 7 8.4
7.2 9 10.8
9.6 12 14.4
7.2 9 10.8
8.8 11 13.2
8 10 12
0.8 1 1.2
7.2 9 10.8
1.6 2 2.4
3.2 4 4.8
12 15 18
2.4 3 3.6
4 5 6
8 10 12
12 15 18
2.4 3 3.6
4 5 6
9.6 12 14.4
7.2 9 10.8
7.2 9 10.8
8 10 12
6.4 8 9.6
8.8 11 13.2
1.6 2 2.4
3.2 4 4.8
2.4 3 3.6
9.6 12 14.4
8 10 12
0 4 4
2 3 7
2 4 3
1 6 8
3 5 3
1 7 3
2 9 5
3 7 4
4 7 10
4 9 10
6 7 10
11 13 2
12 15 6
11 16 6
12 17 8
13 17 9
10 18 3
17 18 2
19 23 6
20 21 10
20 22 5
19 26 1
21 25 4
23 26 7
19 28 5
19 30 9
20 31 7
22 29 7
23 27 9
23 30 9
24 30 3
25 27 4
26 27 1
26 29 9
26 31 7
32 34 6
32 35 2
32 37 9
33 37 9
35 38 9
40 44 6
40 46 10
42 45 4
43 48 7
44 47 2
40 49 5
41 49 4
43 50 2
44 49 4
45 50 5
46 49 9
46 50 3
48 49 9
48 50 1
52 56 8
54 57 1
54 60 8
55 57 9
55 60 6
54 62 6
55 62 8
56 61 3
57 61 5
57 62 4
59 61 6
51 63 7
51 64 4
51 65 4
52 63 9
52 64 10
52 66 3
53 66 5
54 63 9
54 64 10
56 63 2
57 64 10
59 64 7
59 66 1
60 63 3
60 65 2
61 63 7
61 65 6
53 67 4
54 67 2
54 68 3
55 68 6
57 67 10
57 68 5
58 68 2
59 67 9
62 68 8
64 67 1
64 68 8
65 67 1
70 72 8
70 73 9
69 78 1
69 79 7
69 80 5
69 81 10
70 81 5
72 77 7
72 78 5
72 80 9
73 77 10
73 79 9
74 79 2
74 80 3
83 85 7
83 87 4
84 85 3
84 86 7
86 88 4
89 94 10
91 93 9
91 94 7
89 95 8
93 96 5
89 98 3
91 98 7
92 97 2
94 98 1
94 99 5
95 97 10
96 98 9
89 102 1
91 101 8
93 100 6
93 101 5
94 100 6
94 101 6
95 102 1
96 100 6
98 102 7
99 100 5
99 101 6
99 102 1
30
40
70
75
150
120
200
285
300
350

