2 3
11 9
14 23
8 10 12
1.6 2 2.4
4.8 6 7.2
7.2 9 10.8
4 5 6
4 5 6
10.4 13 15.6
11.2 14 16.8
5.6 7 8.4
2.4 3 3.6
2.4 3 3.6
2.4 3 3.6
11.2 14 16.8
12 15 18
4.8 6 7.2
9.6 12 14.4
3.2 4 4.8
3.2 4 4.8
12 15 18
5.6 7 8.4
2.4 3 3.6
4 5 6
2.4 3 3.6
3.2 4 4.8
9.6 12 14.4
0 5 5
0 7 4
2 6 7
3 5 10
4 6 2
4 7 2
0 10 8
5 8 2
5 10 6
11 15 9
13 17 9
13 18 3
14 17 4
11 19 8
15 19 5
18 19 9
14 21 7
15 20 8
15 21 5
16 20 2
17 20 8
18 20 2
18 21 10
12 23 2
15 22 3
15 23 10
16 23 5
16 24 3
18 22 10
18 24 9
19 23 1
20 22 2
50
