4 3
12 19
22 63
15 19
23 56
12 15 18
4.8 6 7.2
9.6 12 14.4
1.6 2 2.4
2.4 3 3.6
8 10 12
12 15 18
2.4 3 3.6
5.6 7 8.4
1.6 2 2.4
3.2 4 4.8
8.8 11 13.2
11.2 14 16.8
12 15 18
5.6 7 8.4
4.8 6 7.2
4.8 6 7.2
9.6 12 14.4
3.2 4 4.8
8 10 12
6.4 8 9.6
2.4 3 3.6
0.8 1 1.2
4.8 6 7.2
7.2 9 10.8
8 10 12
2.4 3 3.6
8.8 11 13.2
10.4 13 15.6
5.6 7 8.4
3.2 4 4.8
8.8 11 13.2
4.8 6 7.2
7.2 9 10.8
0.8 1 1.2
10.4 13 15.6
8.8 11 13.2
9.6 12 14.4
0.8 1 1.2
6.4 8 9.6
0.8 1 1.2
12 15 18
6.4 8 9.6
12 15 18
4.8 6 7.2
2.4 3 3.6
0.8 1 1.2
10.4 13 15.6
8 10 12
10.4 13 15.6
1.6 2 2.4
2.4 3 3.6
11.2 14 16.8
0.8 1 1.2
1.6 2 2.4
4.8 6 7.2
10.4 13 15.6
10.4 13 15.6
9.6 12 14.4
7.2 9 10.8
5.6 7 8.4
1.6 2 2.4
3.2 4 4.8
4 5 6
1.6 2 2.4
3.2 4 4.8
8 10 12
6.4 8 9.6
6.4 8 9.6
8.8 11 13.2
1.6 2 2.4
3.2 4 4.8
0 3 9
0 4 3
0 6 7
1 4 5
1 7 9
2 4 7
3 5 5
3 6 1
0 9 9
0 10 6
0 11 4
1 9 10
1 11 3
2 11 3
3 9 9
3 11 9
5 8 4
5 9 4
7 8 9
12 15 7
12 16 7
13 18 6
12 19 3
12 22 9
13 19 6
13 20 5
15 23 10
16 20 3
17 20 8
17 21 6
17 23 6
18 20 3
12 26 1
13 24 5
13 25 4
13 27 10
13 28 6
14 24 1
14 26 3
14 27 5
15 24 10
15 28 10
16 25 3
17 25 1
17 27 4
18 26 4
18 28 8
20 24 9
21 24 4
21 27 5
21 28 4
22 27 4
23 26 7
23 27 4
12 30 10
13 29 3
13 30 4
14 32 7
15 29 3
15 31 6
15 32 8
17 29 10
17 32 7
17 33 3
18 32 7
19 32 8
21 29 6
21 32 7
21 33 9
22 31 6
22 32 5
22 33 2
23 30 9
24 30 1
25 31 10
25 32 5
25 33 7
26 29 3
26 33 7
27 30 4
27 33 4
28 33 7
34 38 2
35 36 10
34 40 3
36 41 5
36 42 7
37 40 2
34 46 1
35 44 2
36 44 2
37 46 9
38 44 3
38 46 7
39 46 8
40 44 9
41 44 8
38 47 3
41 48 6
43 48 4
45 48 7
49 54 8
49 57 2
51 55 3
51 57 6
52 55 8
52 56 3
49 58 3
49 59 1
50 59 7
51 58 10
51 61 8
52 58 3
54 61 1
55 61 4
56 60 1
57 61 7
50 66 10
52 64 9
52 66 1
53 64 8
53 66 10
54 64 8
54 66 5
55 64 10
55 65 1
56 64 1
56 65 4
57 64 7
58 66 1
59 62 3
59 66 1
60 62 9
61 64 3
49 67 1
50 67 8
51 71 10
52 67 3
52 68 3
52 69 7
53 67 9
55 68 8
55 70 3
55 71 8
56 68 3
56 69 8
56 71 2
57 67 7
57 68 6
60 67 6
60 68 1
64 71 4
65 67 3
65 70 5
65 71 9
66 69 7
66 70 2
50
