15 10
15 23
13 15
12 19
17 40
13 13
14 18
11 9
16 29
8 6
8 6
21 52
13 21
8 5
13 21
15 20
6.4 6.75556 7.11111 7.46667 7.82222 8.17778 8.53333 8.88889 9.24444 9.6 
10.4 10.9778 11.5556 12.1333 12.7111 13.2889 13.8667 14.4444 15.0222 15.6 
0.8 0.844444 0.888889 0.933333 0.977778 1.02222 1.06667 1.11111 1.15556 1.2 
2.4 2.53333 2.66667 2.8 2.93333 3.06667 3.2 3.33333 3.46667 3.6 
0.8 0.844444 0.888889 0.933333 0.977778 1.02222 1.06667 1.11111 1.15556 1.2 
10.4 10.9778 11.5556 12.1333 12.7111 13.2889 13.8667 14.4444 15.0222 15.6 
8.8 9.28889 9.77778 10.2667 10.7556 11.2444 11.7333 12.2222 12.7111 13.2 
3.2 3.37778 3.55556 3.73333 3.91111 4.08889 4.26667 4.44444 4.62222 4.8 
4 4.22222 4.44444 4.66667 4.88889 5.11111 5.33333 5.55556 5.77778 6 
3.2 3.37778 3.55556 3.73333 3.91111 4.08889 4.26667 4.44444 4.62222 4.8 
2.4 2.53333 2.66667 2.8 2.93333 3.06667 3.2 3.33333 3.46667 3.6 
8 8.44444 8.88889 9.33333 9.77778 10.2222 10.6667 11.1111 11.5556 12 
12 12.6667 13.3333 14 14.6667 15.3333 16 16.6667 17.3333 18 
11.2 11.8222 12.4444 13.0667 13.6889 14.3111 14.9333 15.5556 16.1778 16.8 
11.2 11.8222 12.4444 13.0667 13.6889 14.3111 14.9333 15.5556 16.1778 16.8 
11.2 11.8222 12.4444 13.0667 13.6889 14.3111 14.9333 15.5556 16.1778 16.8 
7.2 7.6 8 8.4 8.8 9.2 9.6 10 10.4 10.8 
8.8 9.28889 9.77778 10.2667 10.7556 11.2444 11.7333 12.2222 12.7111 13.2 
8 8.44444 8.88889 9.33333 9.77778 10.2222 10.6667 11.1111 11.5556 12 
4 4.22222 4.44444 4.66667 4.88889 5.11111 5.33333 5.55556 5.77778 6 
8 8.44444 8.88889 9.33333 9.77778 10.2222 10.6667 11.1111 11.5556 12 
12 12.6667 13.3333 14 14.6667 15.3333 16 16.6667 17.3333 18 
1.6 1.68889 1.77778 1.86667 1.95556 2.04444 2.13333 2.22222 2.31111 2.4 
1.6 1.68889 1.77778 1.86667 1.95556 2.04444 2.13333 2.22222 2.31111 2.4 
6.4 6.75556 7.11111 7.46667 7.82222 8.17778 8.53333 8.88889 9.24444 9.6 
8 8.44444 8.88889 9.33333 9.77778 10.2222 10.6667 11.1111 11.5556 12 
5.6 5.91111 6.22222 6.53333 6.84444 7.15556 7.46667 7.77778 8.08889 8.4 
11.2 11.8222 12.4444 13.0667 13.6889 14.3111 14.9333 15.5556 16.1778 16.8 
4 4.22222 4.44444 4.66667 4.88889 5.11111 5.33333 5.55556 5.77778 6 
10.4 10.9778 11.5556 12.1333 12.7111 13.2889 13.8667 14.4444 15.0222 15.6 
2.4 2.53333 2.66667 2.8 2.93333 3.06667 3.2 3.33333 3.46667 3.6 
4.8 5.06667 5.33333 5.6 5.86667 6.13333 6.4 6.66667 6.93333 7.2 
12 12.6667 13.3333 14 14.6667 15.3333 16 16.6667 17.3333 18 
0.8 0.844444 0.888889 0.933333 0.977778 1.02222 1.06667 1.11111 1.15556 1.2 
2.4 2.53333 2.66667 2.8 2.93333 3.06667 3.2 3.33333 3.46667 3.6 
4 4.22222 4.44444 4.66667 4.88889 5.11111 5.33333 5.55556 5.77778 6 
0.8 0.844444 0.888889 0.933333 0.977778 1.02222 1.06667 1.11111 1.15556 1.2 
7.2 7.6 8 8.4 8.8 9.2 9.6 10 10.4 10.8 
11.2 11.8222 12.4444 13.0667 13.6889 14.3111 14.9333 15.5556 16.1778 16.8 
8.8 9.28889 9.77778 10.2667 10.7556 11.2444 11.7333 12.2222 12.7111 13.2 
8 8.44444 8.88889 9.33333 9.77778 10.2222 10.6667 11.1111 11.5556 12 
8 8.44444 8.88889 9.33333 9.77778 10.2222 10.6667 11.1111 11.5556 12 
5.6 5.91111 6.22222 6.53333 6.84444 7.15556 7.46667 7.77778 8.08889 8.4 
8.8 9.28889 9.77778 10.2667 10.7556 11.2444 11.7333 12.2222 12.7111 13.2 
2.4 2.53333 2.66667 2.8 2.93333 3.06667 3.2 3.33333 3.46667 3.6 
6.4 6.75556 7.11111 7.46667 7.82222 8.17778 8.53333 8.88889 9.24444 9.6 
10.4 10.9778 11.5556 12.1333 12.7111 13.2889 13.8667 14.4444 15.0222 15.6 
0.8 0.844444 0.888889 0.933333 0.977778 1.02222 1.06667 1.11111 1.15556 1.2 
3.2 3.37778 3.55556 3.73333 3.91111 4.08889 4.26667 4.44444 4.62222 4.8 
0.8 0.844444 0.888889 0.933333 0.977778 1.02222 1.06667 1.11111 1.15556 1.2 
4.8 5.06667 5.33333 5.6 5.86667 6.13333 6.4 6.66667 6.93333 7.2 
0.8 0.844444 0.888889 0.933333 0.977778 1.02222 1.06667 1.11111 1.15556 1.2 
1.6 1.68889 1.77778 1.86667 1.95556 2.04444 2.13333 2.22222 2.31111 2.4 
6.4 6.75556 7.11111 7.46667 7.82222 8.17778 8.53333 8.88889 9.24444 9.6 
10.4 10.9778 11.5556 12.1333 12.7111 13.2889 13.8667 14.4444 15.0222 15.6 
7.2 7.6 8 8.4 8.8 9.2 9.6 10 10.4 10.8 
5.6 5.91111 6.22222 6.53333 6.84444 7.15556 7.46667 7.77778 8.08889 8.4 
8 8.44444 8.88889 9.33333 9.77778 10.2222 10.6667 11.1111 11.5556 12 
3.2 3.37778 3.55556 3.73333 3.91111 4.08889 4.26667 4.44444 4.62222 4.8 
4 4.22222 4.44444 4.66667 4.88889 5.11111 5.33333 5.55556 5.77778 6 
3.2 3.37778 3.55556 3.73333 3.91111 4.08889 4.26667 4.44444 4.62222 4.8 
8 8.44444 8.88889 9.33333 9.77778 10.2222 10.6667 11.1111 11.5556 12 
10.4 10.9778 11.5556 12.1333 12.7111 13.2889 13.8667 14.4444 15.0222 15.6 
8.8 9.28889 9.77778 10.2667 10.7556 11.2444 11.7333 12.2222 12.7111 13.2 
0.8 0.844444 0.888889 0.933333 0.977778 1.02222 1.06667 1.11111 1.15556 1.2 
1.6 1.68889 1.77778 1.86667 1.95556 2.04444 2.13333 2.22222 2.31111 2.4 
12 12.6667 13.3333 14 14.6667 15.3333 16 16.6667 17.3333 18 
7.2 7.6 8 8.4 8.8 9.2 9.6 10 10.4 10.8 
8.8 9.28889 9.77778 10.2667 10.7556 11.2444 11.7333 12.2222 12.7111 13.2 
0.8 0.844444 0.888889 0.933333 0.977778 1.02222 1.06667 1.11111 1.15556 1.2 
0.8 0.844444 0.888889 0.933333 0.977778 1.02222 1.06667 1.11111 1.15556 1.2 
1.6 1.68889 1.77778 1.86667 1.95556 2.04444 2.13333 2.22222 2.31111 2.4 
12 12.6667 13.3333 14 14.6667 15.3333 16 16.6667 17.3333 18 
5.6 5.91111 6.22222 6.53333 6.84444 7.15556 7.46667 7.77778 8.08889 8.4 
4.8 5.06667 5.33333 5.6 5.86667 6.13333 6.4 6.66667 6.93333 7.2 
1.6 1.68889 1.77778 1.86667 1.95556 2.04444 2.13333 2.22222 2.31111 2.4 
8 8.44444 8.88889 9.33333 9.77778 10.2222 10.6667 11.1111 11.5556 12 
3.2 3.37778 3.55556 3.73333 3.91111 4.08889 4.26667 4.44444 4.62222 4.8 
3.2 3.37778 3.55556 3.73333 3.91111 4.08889 4.26667 4.44444 4.62222 4.8 
8 8.44444 8.88889 9.33333 9.77778 10.2222 10.6667 11.1111 11.5556 12 
12 12.6667 13.3333 14 14.6667 15.3333 16 16.6667 17.3333 18 
4 4.22222 4.44444 4.66667 4.88889 5.11111 5.33333 5.55556 5.77778 6 
11.2 11.8222 12.4444 13.0667 13.6889 14.3111 14.9333 15.5556 16.1778 16.8 
0.8 0.844444 0.888889 0.933333 0.977778 1.02222 1.06667 1.11111 1.15556 1.2 
0.8 0.844444 0.888889 0.933333 0.977778 1.02222 1.06667 1.11111 1.15556 1.2 
8 8.44444 8.88889 9.33333 9.77778 10.2222 10.6667 11.1111 11.5556 12 
4.8 5.06667 5.33333 5.6 5.86667 6.13333 6.4 6.66667 6.93333 7.2 
12 12.6667 13.3333 14 14.6667 15.3333 16 16.6667 17.3333 18 
8 8.44444 8.88889 9.33333 9.77778 10.2222 10.6667 11.1111 11.5556 12 
11.2 11.8222 12.4444 13.0667 13.6889 14.3111 14.9333 15.5556 16.1778 16.8 
10.4 10.9778 11.5556 12.1333 12.7111 13.2889 13.8667 14.4444 15.0222 15.6 
8.8 9.28889 9.77778 10.2667 10.7556 11.2444 11.7333 12.2222 12.7111 13.2 
4 4.22222 4.44444 4.66667 4.88889 5.11111 5.33333 5.55556 5.77778 6 
4 4.22222 4.44444 4.66667 4.88889 5.11111 5.33333 5.55556 5.77778 6 
6.4 6.75556 7.11111 7.46667 7.82222 8.17778 8.53333 8.88889 9.24444 9.6 
11.2 11.8222 12.4444 13.0667 13.6889 14.3111 14.9333 15.5556 16.1778 16.8 
4 4.22222 4.44444 4.66667 4.88889 5.11111 5.33333 5.55556 5.77778 6 
11.2 11.8222 12.4444 13.0667 13.6889 14.3111 14.9333 15.5556 16.1778 16.8 
4 4.22222 4.44444 4.66667 4.88889 5.11111 5.33333 5.55556 5.77778 6 
8.8 9.28889 9.77778 10.2667 10.7556 11.2444 11.7333 12.2222 12.7111 13.2 
5.6 5.91111 6.22222 6.53333 6.84444 7.15556 7.46667 7.77778 8.08889 8.4 
11.2 11.8222 12.4444 13.0667 13.6889 14.3111 14.9333 15.5556 16.1778 16.8 
4 4.22222 4.44444 4.66667 4.88889 5.11111 5.33333 5.55556 5.77778 6 
5.6 5.91111 6.22222 6.53333 6.84444 7.15556 7.46667 7.77778 8.08889 8.4 
12 12.6667 13.3333 14 14.6667 15.3333 16 16.6667 17.3333 18 
7.2 7.6 8 8.4 8.8 9.2 9.6 10 10.4 10.8 
3.2 3.37778 3.55556 3.73333 3.91111 4.08889 4.26667 4.44444 4.62222 4.8 
6.4 6.75556 7.11111 7.46667 7.82222 8.17778 8.53333 8.88889 9.24444 9.6 
7.2 7.6 8 8.4 8.8 9.2 9.6 10 10.4 10.8 
6.4 6.75556 7.11111 7.46667 7.82222 8.17778 8.53333 8.88889 9.24444 9.6 
8.8 9.28889 9.77778 10.2667 10.7556 11.2444 11.7333 12.2222 12.7111 13.2 
11.2 11.8222 12.4444 13.0667 13.6889 14.3111 14.9333 15.5556 16.1778 16.8 
0.8 0.844444 0.888889 0.933333 0.977778 1.02222 1.06667 1.11111 1.15556 1.2 
8 8.44444 8.88889 9.33333 9.77778 10.2222 10.6667 11.1111 11.5556 12 
4 4.22222 4.44444 4.66667 4.88889 5.11111 5.33333 5.55556 5.77778 6 
5.6 5.91111 6.22222 6.53333 6.84444 7.15556 7.46667 7.77778 8.08889 8.4 
3.2 3.37778 3.55556 3.73333 3.91111 4.08889 4.26667 4.44444 4.62222 4.8 
4.8 5.06667 5.33333 5.6 5.86667 6.13333 6.4 6.66667 6.93333 7.2 
4 4.22222 4.44444 4.66667 4.88889 5.11111 5.33333 5.55556 5.77778 6 
8.8 9.28889 9.77778 10.2667 10.7556 11.2444 11.7333 12.2222 12.7111 13.2 
2.4 2.53333 2.66667 2.8 2.93333 3.06667 3.2 3.33333 3.46667 3.6 
8.8 9.28889 9.77778 10.2667 10.7556 11.2444 11.7333 12.2222 12.7111 13.2 
8 8.44444 8.88889 9.33333 9.77778 10.2222 10.6667 11.1111 11.5556 12 
12 12.6667 13.3333 14 14.6667 15.3333 16 16.6667 17.3333 18 
7.2 7.6 8 8.4 8.8 9.2 9.6 10 10.4 10.8 
0.8 0.844444 0.888889 0.933333 0.977778 1.02222 1.06667 1.11111 1.15556 1.2 
4 4.22222 4.44444 4.66667 4.88889 5.11111 5.33333 5.55556 5.77778 6 
4.8 5.06667 5.33333 5.6 5.86667 6.13333 6.4 6.66667 6.93333 7.2 
4 4.22222 4.44444 4.66667 4.88889 5.11111 5.33333 5.55556 5.77778 6 
4 4.22222 4.44444 4.66667 4.88889 5.11111 5.33333 5.55556 5.77778 6 
12 12.6667 13.3333 14 14.6667 15.3333 16 16.6667 17.3333 18 
4 4.22222 4.44444 4.66667 4.88889 5.11111 5.33333 5.55556 5.77778 6 
8.8 9.28889 9.77778 10.2667 10.7556 11.2444 11.7333 12.2222 12.7111 13.2 
12 12.6667 13.3333 14 14.6667 15.3333 16 16.6667 17.3333 18 
0.8 0.844444 0.888889 0.933333 0.977778 1.02222 1.06667 1.11111 1.15556 1.2 
9.6 10.1333 10.6667 11.2 11.7333 12.2667 12.8 13.3333 13.8667 14.4 
7.2 7.6 8 8.4 8.8 9.2 9.6 10 10.4 10.8 
0.8 0.844444 0.888889 0.933333 0.977778 1.02222 1.06667 1.11111 1.15556 1.2 
0.8 0.844444 0.888889 0.933333 0.977778 1.02222 1.06667 1.11111 1.15556 1.2 
4.8 5.06667 5.33333 5.6 5.86667 6.13333 6.4 6.66667 6.93333 7.2 
4 4.22222 4.44444 4.66667 4.88889 5.11111 5.33333 5.55556 5.77778 6 
4.8 5.06667 5.33333 5.6 5.86667 6.13333 6.4 6.66667 6.93333 7.2 
7.2 7.6 8 8.4 8.8 9.2 9.6 10 10.4 10.8 
12 12.6667 13.3333 14 14.6667 15.3333 16 16.6667 17.3333 18 
3.2 3.37778 3.55556 3.73333 3.91111 4.08889 4.26667 4.44444 4.62222 4.8 
5.6 5.91111 6.22222 6.53333 6.84444 7.15556 7.46667 7.77778 8.08889 8.4 
6.4 6.75556 7.11111 7.46667 7.82222 8.17778 8.53333 8.88889 9.24444 9.6 
5.6 5.91111 6.22222 6.53333 6.84444 7.15556 7.46667 7.77778 8.08889 8.4 
0.8 0.844444 0.888889 0.933333 0.977778 1.02222 1.06667 1.11111 1.15556 1.2 
8.8 9.28889 9.77778 10.2667 10.7556 11.2444 11.7333 12.2222 12.7111 13.2 
9.6 10.1333 10.6667 11.2 11.7333 12.2667 12.8 13.3333 13.8667 14.4 
8.8 9.28889 9.77778 10.2667 10.7556 11.2444 11.7333 12.2222 12.7111 13.2 
1.6 1.68889 1.77778 1.86667 1.95556 2.04444 2.13333 2.22222 2.31111 2.4 
9.6 10.1333 10.6667 11.2 11.7333 12.2667 12.8 13.3333 13.8667 14.4 
9.6 10.1333 10.6667 11.2 11.7333 12.2667 12.8 13.3333 13.8667 14.4 
3.2 3.37778 3.55556 3.73333 3.91111 4.08889 4.26667 4.44444 4.62222 4.8 
1.6 1.68889 1.77778 1.86667 1.95556 2.04444 2.13333 2.22222 2.31111 2.4 
0.8 0.844444 0.888889 0.933333 0.977778 1.02222 1.06667 1.11111 1.15556 1.2 
3.2 3.37778 3.55556 3.73333 3.91111 4.08889 4.26667 4.44444 4.62222 4.8 
7.2 7.6 8 8.4 8.8 9.2 9.6 10 10.4 10.8 
12 12.6667 13.3333 14 14.6667 15.3333 16 16.6667 17.3333 18 
3.2 3.37778 3.55556 3.73333 3.91111 4.08889 4.26667 4.44444 4.62222 4.8 
5.6 5.91111 6.22222 6.53333 6.84444 7.15556 7.46667 7.77778 8.08889 8.4 
0.8 0.844444 0.888889 0.933333 0.977778 1.02222 1.06667 1.11111 1.15556 1.2 
4 4.22222 4.44444 4.66667 4.88889 5.11111 5.33333 5.55556 5.77778 6 
11.2 11.8222 12.4444 13.0667 13.6889 14.3111 14.9333 15.5556 16.1778 16.8 
0.8 0.844444 0.888889 0.933333 0.977778 1.02222 1.06667 1.11111 1.15556 1.2 
2.4 2.53333 2.66667 2.8 2.93333 3.06667 3.2 3.33333 3.46667 3.6 
8.8 9.28889 9.77778 10.2667 10.7556 11.2444 11.7333 12.2222 12.7111 13.2 
8 8.44444 8.88889 9.33333 9.77778 10.2222 10.6667 11.1111 11.5556 12 
0.8 0.844444 0.888889 0.933333 0.977778 1.02222 1.06667 1.11111 1.15556 1.2 
12 12.6667 13.3333 14 14.6667 15.3333 16 16.6667 17.3333 18 
11.2 11.8222 12.4444 13.0667 13.6889 14.3111 14.9333 15.5556 16.1778 16.8 
7.2 7.6 8 8.4 8.8 9.2 9.6 10 10.4 10.8 
7.2 7.6 8 8.4 8.8 9.2 9.6 10 10.4 10.8 
11.2 11.8222 12.4444 13.0667 13.6889 14.3111 14.9333 15.5556 16.1778 16.8 
7.2 7.6 8 8.4 8.8 9.2 9.6 10 10.4 10.8 
8.8 9.28889 9.77778 10.2667 10.7556 11.2444 11.7333 12.2222 12.7111 13.2 
3.2 3.37778 3.55556 3.73333 3.91111 4.08889 4.26667 4.44444 4.62222 4.8 
8 8.44444 8.88889 9.33333 9.77778 10.2222 10.6667 11.1111 11.5556 12 
10.4 10.9778 11.5556 12.1333 12.7111 13.2889 13.8667 14.4444 15.0222 15.6 
0.8 0.844444 0.888889 0.933333 0.977778 1.02222 1.06667 1.11111 1.15556 1.2 
8.8 9.28889 9.77778 10.2667 10.7556 11.2444 11.7333 12.2222 12.7111 13.2 
8.8 9.28889 9.77778 10.2667 10.7556 11.2444 11.7333 12.2222 12.7111 13.2 
4.8 5.06667 5.33333 5.6 5.86667 6.13333 6.4 6.66667 6.93333 7.2 
4.8 5.06667 5.33333 5.6 5.86667 6.13333 6.4 6.66667 6.93333 7.2 
1.6 1.68889 1.77778 1.86667 1.95556 2.04444 2.13333 2.22222 2.31111 2.4 
3.2 3.37778 3.55556 3.73333 3.91111 4.08889 4.26667 4.44444 4.62222 4.8 
5.6 5.91111 6.22222 6.53333 6.84444 7.15556 7.46667 7.77778 8.08889 8.4 
8 8.44444 8.88889 9.33333 9.77778 10.2222 10.6667 11.1111 11.5556 12 
8.8 9.28889 9.77778 10.2667 10.7556 11.2444 11.7333 12.2222 12.7111 13.2 
8 8.44444 8.88889 9.33333 9.77778 10.2222 10.6667 11.1111 11.5556 12 
4.8 5.06667 5.33333 5.6 5.86667 6.13333 6.4 6.66667 6.93333 7.2 
2.4 2.53333 2.66667 2.8 2.93333 3.06667 3.2 3.33333 3.46667 3.6 
7.2 7.6 8 8.4 8.8 9.2 9.6 10 10.4 10.8 
7.2 7.6 8 8.4 8.8 9.2 9.6 10 10.4 10.8 
3.2 3.37778 3.55556 3.73333 3.91111 4.08889 4.26667 4.44444 4.62222 4.8 
0 6 5
1 5 3
1 6 7
0 8 6
0 10 4
1 10 5
3 9 9
4 9 6
5 7 10
5 8 4
6 8 9
0 14 10
1 11 10
2 11 8
2 12 6
3 11 10
3 13 10
3 14 7
4 11 9
5 11 8
6 13 10
7 12 2
10 11 10
16 19 4
16 21 4
17 19 4
17 21 3
18 21 2
17 24 5
18 24 3
18 25 4
19 23 7
19 25 6
21 22 2
21 24 8
17 26 4
17 27 8
25 26 5
29 33 2
29 34 6
30 33 8
30 36 9
31 33 6
31 35 9
32 34 3
32 36 4
28 37 1
28 39 5
29 37 8
29 38 3
31 37 2
32 38 6
33 37 9
33 39 1
34 38 4
36 37 9
36 38 10
41 45 4
44 45 10
40 48 10
41 47 4
42 47 8
43 46 6
43 47 7
44 46 5
44 48 5
45 46 6
40 50 1
41 49 9
41 51 3
41 53 1
42 49 6
42 50 4
43 50 4
43 52 6
44 50 2
44 53 3
45 49 10
45 50 5
45 53 3
46 49 10
46 51 5
47 50 1
47 51 5
40 54 7
40 56 7
43 56 1
44 54 5
46 54 5
49 54 2
50 55 6
50 56 9
52 55 9
52 56 2
53 54 7
53 55 9
53 56 10
57 62 8
57 63 10
61 62 1
61 63 7
57 65 7
57 67 2
58 66 6
58 69 10
59 67 5
60 68 6
61 65 7
61 68 3
62 66 1
71 75 6
71 76 3
73 78 3
74 75 10
74 76 9
71 82 6
71 83 1
72 80 9
73 82 9
75 80 4
75 81 6
75 82 5
76 81 4
77 80 8
77 82 10
78 80 9
79 80 4
79 83 2
84 86 2
84 88 10
84 92 9
85 91 5
88 90 8
88 91 10
89 91 6
89 92 7
89 94 8
95 99 6
95 100 4
97 99 7
97 100 7
98 99 8
98 100 3
95 101 2
95 102 6
95 103 9
95 104 9
96 101 6
96 103 4
97 103 6
98 102 6
98 104 5
100 103 4
95 109 8
96 107 6
97 108 4
97 109 2
98 106 9
99 110 10
100 109 2
101 108 4
101 110 5
102 108 6
104 107 3
104 109 2
105 108 6
111 113 8
111 116 3
111 117 3
112 116 4
112 117 10
113 114 10
120 122 10
119 124 5
122 124 4
122 126 1
123 124 4
123 125 6
127 133 5
127 136 5
129 136 10
130 135 9
130 136 2
131 135 1
127 141 4
128 138 7
128 140 8
128 141 9
129 138 10
129 139 2
129 140 4
130 138 5
131 139 10
132 138 4
132 139 2
132 141 7
133 139 3
134 139 4
135 137 5
135 141 10
136 138 6
136 140 3
129 143 2
131 142 3
131 143 6
132 142 3
137 142 10
137 143 8
138 142 2
128 146 7
128 147 2
129 144 3
130 144 4
130 146 9
130 147 4
131 146 1
133 145 3
135 145 10
136 146 6
136 147 1
137 144 4
138 145 9
138 146 7
139 145 1
140 144 10
140 145 4
141 147 1
142 144 4
142 147 6
143 147 1
148 154 8
149 151 10
149 152 7
149 153 2
149 155 6
150 153 2
148 159 7
149 159 8
151 156 5
151 157 5
152 158 5
152 159 9
153 156 9
153 158 8
154 158 7
155 158 6
155 159 2
151 160 10
154 160 5
157 160 8
158 160 8
161 168 3
163 168 2
165 167 2
165 168 8
166 167 7
169 174 2
169 176 7
169 177 10
170 175 7
170 176 7
170 177 10
172 177 8
173 176 5
173 177 5
169 180 2
171 178 2
171 179 6
172 178 10
172 179 9
172 181 4
173 180 9
174 180 6
175 179 10
176 179 2
176 180 9
177 179 1
183 184 8
183 188 7
183 190 8
185 189 6
187 189 6
189 191 7
182 192 2
183 192 3
183 194 2
183 196 10
184 193 2
184 194 1
186 196 7
187 193 1
188 193 2
188 196 8
190 192 2
190 194 9
191 193 7
191 196 10
21
35
143
67
89
169
38
52
73
94
115
132
184
152
133

