10 8
5 3
16 34
7 2
12 13
11 11
12 20
9 5
11 9
9 9
15 26
2.4 2.57143 2.74286 2.91429 3.08571 3.25714 3.42857 3.6 
12 12.8571 13.7143 14.5714 15.4286 16.2857 17.1429 18 
3.2 3.42857 3.65714 3.88571 4.11429 4.34286 4.57143 4.8 
5.6 6 6.4 6.8 7.2 7.6 8 8.4 
9.6 10.2857 10.9714 11.6571 12.3429 13.0286 13.7143 14.4 
7.2 7.71429 8.22857 8.74286 9.25714 9.77143 10.2857 10.8 
4 4.28571 4.57143 4.85714 5.14286 5.42857 5.71429 6 
3.2 3.42857 3.65714 3.88571 4.11429 4.34286 4.57143 4.8 
12 12.8571 13.7143 14.5714 15.4286 16.2857 17.1429 18 
10.4 11.1429 11.8857 12.6286 13.3714 14.1143 14.8571 15.6 
1.6 1.71429 1.82857 1.94286 2.05714 2.17143 2.28571 2.4 
4 4.28571 4.57143 4.85714 5.14286 5.42857 5.71429 6 
7.2 7.71429 8.22857 8.74286 9.25714 9.77143 10.2857 10.8 
4.8 5.14286 5.48571 5.82857 6.17143 6.51429 6.85714 7.2 
3.2 3.42857 3.65714 3.88571 4.11429 4.34286 4.57143 4.8 
1.6 1.71429 1.82857 1.94286 2.05714 2.17143 2.28571 2.4 
7.2 7.71429 8.22857 8.74286 9.25714 9.77143 10.2857 10.8 
9.6 10.2857 10.9714 11.6571 12.3429 13.0286 13.7143 14.4 
11.2 12 12.8 13.6 14.4 15.2 16 16.8 
11.2 12 12.8 13.6 14.4 15.2 16 16.8 
1.6 1.71429 1.82857 1.94286 2.05714 2.17143 2.28571 2.4 
6.4 6.85714 7.31429 7.77143 8.22857 8.68571 9.14286 9.6 
0.8 0.857143 0.914286 0.971429 1.02857 1.08571 1.14286 1.2 
4.8 5.14286 5.48571 5.82857 6.17143 6.51429 6.85714 7.2 
7.2 7.71429 8.22857 8.74286 9.25714 9.77143 10.2857 10.8 
0.8 0.857143 0.914286 0.971429 1.02857 1.08571 1.14286 1.2 
3.2 3.42857 3.65714 3.88571 4.11429 4.34286 4.57143 4.8 
1.6 1.71429 1.82857 1.94286 2.05714 2.17143 2.28571 2.4 
2.4 2.57143 2.74286 2.91429 3.08571 3.25714 3.42857 3.6 
1.6 1.71429 1.82857 1.94286 2.05714 2.17143 2.28571 2.4 
8 8.57143 9.14286 9.71429 10.2857 10.8571 11.4286 12 
8 8.57143 9.14286 9.71429 10.2857 10.8571 11.4286 12 
4 4.28571 4.57143 4.85714 5.14286 5.42857 5.71429 6 
8 8.57143 9.14286 9.71429 10.2857 10.8571 11.4286 12 
8 8.57143 9.14286 9.71429 10.2857 10.8571 11.4286 12 
8.8 9.42857 10.0571 10.6857 11.3143 11.9429 12.5714 13.2 
5.6 6 6.4 6.8 7.2 7.6 8 8.4 
11.2 12 12.8 13.6 14.4 15.2 16 16.8 
8.8 9.42857 10.0571 10.6857 11.3143 11.9429 12.5714 13.2 
12 12.8571 13.7143 14.5714 15.4286 16.2857 17.1429 18 
8.8 9.42857 10.0571 10.6857 11.3143 11.9429 12.5714 13.2 
8 8.57143 9.14286 9.71429 10.2857 10.8571 11.4286 12 
5.6 6 6.4 6.8 7.2 7.6 8 8.4 
8.8 9.42857 10.0571 10.6857 11.3143 11.9429 12.5714 13.2 
0.8 0.857143 0.914286 0.971429 1.02857 1.08571 1.14286 1.2 
8.8 9.42857 10.0571 10.6857 11.3143 11.9429 12.5714 13.2 
3.2 3.42857 3.65714 3.88571 4.11429 4.34286 4.57143 4.8 
2.4 2.57143 2.74286 2.91429 3.08571 3.25714 3.42857 3.6 
4 4.28571 4.57143 4.85714 5.14286 5.42857 5.71429 6 
7.2 7.71429 8.22857 8.74286 9.25714 9.77143 10.2857 10.8 
6.4 6.85714 7.31429 7.77143 8.22857 8.68571 9.14286 9.6 
9.6 10.2857 10.9714 11.6571 12.3429 13.0286 13.7143 14.4 
6.4 6.85714 7.31429 7.77143 8.22857 8.68571 9.14286 9.6 
12 12.8571 13.7143 14.5714 15.4286 16.2857 17.1429 18 
4.8 5.14286 5.48571 5.82857 6.17143 6.51429 6.85714 7.2 
9.6 10.2857 10.9714 11.6571 12.3429 13.0286 13.7143 14.4 
8 8.57143 9.14286 9.71429 10.2857 10.8571 11.4286 12 
4 4.28571 4.57143 4.85714 5.14286 5.42857 5.71429 6 
11.2 12 12.8 13.6 14.4 15.2 16 16.8 
1.6 1.71429 1.82857 1.94286 2.05714 2.17143 2.28571 2.4 
6.4 6.85714 7.31429 7.77143 8.22857 8.68571 9.14286 9.6 
7.2 7.71429 8.22857 8.74286 9.25714 9.77143 10.2857 10.8 
12 12.8571 13.7143 14.5714 15.4286 16.2857 17.1429 18 
4.8 5.14286 5.48571 5.82857 6.17143 6.51429 6.85714 7.2 
6.4 6.85714 7.31429 7.77143 8.22857 8.68571 9.14286 9.6 
3.2 3.42857 3.65714 3.88571 4.11429 4.34286 4.57143 4.8 
6.4 6.85714 7.31429 7.77143 8.22857 8.68571 9.14286 9.6 
0.8 0.857143 0.914286 0.971429 1.02857 1.08571 1.14286 1.2 
0.8 0.857143 0.914286 0.971429 1.02857 1.08571 1.14286 1.2 
8 8.57143 9.14286 9.71429 10.2857 10.8571 11.4286 12 
8 8.57143 9.14286 9.71429 10.2857 10.8571 11.4286 12 
4.8 5.14286 5.48571 5.82857 6.17143 6.51429 6.85714 7.2 
3.2 3.42857 3.65714 3.88571 4.11429 4.34286 4.57143 4.8 
10.4 11.1429 11.8857 12.6286 13.3714 14.1143 14.8571 15.6 
4 4.28571 4.57143 4.85714 5.14286 5.42857 5.71429 6 
1.6 1.71429 1.82857 1.94286 2.05714 2.17143 2.28571 2.4 
4.8 5.14286 5.48571 5.82857 6.17143 6.51429 6.85714 7.2 
6.4 6.85714 7.31429 7.77143 8.22857 8.68571 9.14286 9.6 
3.2 3.42857 3.65714 3.88571 4.11429 4.34286 4.57143 4.8 
2.4 2.57143 2.74286 2.91429 3.08571 3.25714 3.42857 3.6 
6.4 6.85714 7.31429 7.77143 8.22857 8.68571 9.14286 9.6 
1.6 1.71429 1.82857 1.94286 2.05714 2.17143 2.28571 2.4 
0.8 0.857143 0.914286 0.971429 1.02857 1.08571 1.14286 1.2 
6.4 6.85714 7.31429 7.77143 8.22857 8.68571 9.14286 9.6 
4 4.28571 4.57143 4.85714 5.14286 5.42857 5.71429 6 
8.8 9.42857 10.0571 10.6857 11.3143 11.9429 12.5714 13.2 
0.8 0.857143 0.914286 0.971429 1.02857 1.08571 1.14286 1.2 
5.6 6 6.4 6.8 7.2 7.6 8 8.4 
3.2 3.42857 3.65714 3.88571 4.11429 4.34286 4.57143 4.8 
5.6 6 6.4 6.8 7.2 7.6 8 8.4 
7.2 7.71429 8.22857 8.74286 9.25714 9.77143 10.2857 10.8 
7.2 7.71429 8.22857 8.74286 9.25714 9.77143 10.2857 10.8 
9.6 10.2857 10.9714 11.6571 12.3429 13.0286 13.7143 14.4 
5.6 6 6.4 6.8 7.2 7.6 8 8.4 
2.4 2.57143 2.74286 2.91429 3.08571 3.25714 3.42857 3.6 
0.8 0.857143 0.914286 0.971429 1.02857 1.08571 1.14286 1.2 
5.6 6 6.4 6.8 7.2 7.6 8 8.4 
11.2 12 12.8 13.6 14.4 15.2 16 16.8 
11.2 12 12.8 13.6 14.4 15.2 16 16.8 
2.4 2.57143 2.74286 2.91429 3.08571 3.25714 3.42857 3.6 
8.8 9.42857 10.0571 10.6857 11.3143 11.9429 12.5714 13.2 
8 8.57143 9.14286 9.71429 10.2857 10.8571 11.4286 12 
0.8 0.857143 0.914286 0.971429 1.02857 1.08571 1.14286 1.2 
2.4 2.57143 2.74286 2.91429 3.08571 3.25714 3.42857 3.6 
9.6 10.2857 10.9714 11.6571 12.3429 13.0286 13.7143 14.4 
7.2 7.71429 8.22857 8.74286 9.25714 9.77143 10.2857 10.8 
2.4 2.57143 2.74286 2.91429 3.08571 3.25714 3.42857 3.6 
0 3 8
0 4 6
3 4 1
5 9 7
6 9 9
5 12 8
6 11 6
6 12 9
6 13 9
7 11 3
7 12 2
7 13 6
8 12 9
8 13 7
8 14 7
9 14 1
6 15 2
8 15 2
9 15 9
10 15 3
11 15 2
14 15 2
5 20 9
6 17 2
6 18 6
8 16 1
8 18 3
9 16 6
10 18 1
10 20 5
11 19 7
12 17 3
12 18 10
12 19 4
12 20 10
14 18 6
15 20 6
22 27 7
24 27 5
28 32 9
29 32 3
28 36 7
29 34 8
29 35 6
29 38 7
30 34 3
31 37 6
32 36 4
33 38 3
29 39 5
31 39 2
38 39 1
40 45 6
41 42 6
41 48 6
42 48 9
43 46 2
43 47 6
44 47 3
44 50 2
45 48 6
45 49 6
45 50 7
52 54 6
52 55 1
51 56 8
51 60 9
52 57 9
52 58 7
52 59 3
52 60 7
53 57 2
53 58 7
55 58 3
55 59 8
56 59 2
56 60 3
51 61 7
55 61 3
55 62 1
57 62 7
59 62 7
60 62 1
63 65 1
64 65 7
64 66 9
63 67 1
63 68 8
72 79 2
72 80 8
75 77 2
76 80 10
72 81 4
72 82 8
74 82 8
79 81 3
79 82 10
83 87 2
84 87 10
83 90 10
84 89 5
84 90 6
85 89 6
85 90 6
88 89 7
88 91 6
92 96 5
94 96 10
94 98 2
93 100 8
92 103 5
92 105 9
93 101 3
93 104 2
94 102 3
94 103 3
94 104 7
95 103 7
95 104 10
96 101 4
96 105 4
97 104 1
97 105 4
98 101 10
98 104 10
99 104 6
99 105 3
100 102 6
100 103 8
100 104 1
100 105 10
94 106 10
32
67
12
45
85
112
173
103
97
74
