3 3
13 14
11 14
17 39
4 5 6
1.6 2 2.4
2.4 3 3.6
9.6 12 14.4
11.2 14 16.8
0.8 1 1.2
3.2 4 4.8
2.4 3 3.6
4.8 6 7.2
9.6 12 14.4
6.4 8 9.6
4.8 6 7.2
11.2 14 16.8
7.2 9 10.8
2.4 3 3.6
1.6 2 2.4
4.8 6 7.2
8.8 11 13.2
9.6 12 14.4
12 15 18
0.8 1 1.2
4 5 6
7.2 9 10.8
1.6 2 2.4
3.2 4 4.8
8 10 12
0.8 1 1.2
5.6 7 8.4
3.2 4 4.8
0.8 1 1.2
1.6 2 2.4
3.2 4 4.8
4 5 6
4 5 6
8.8 11 13.2
11.2 14 16.8
4.8 6 7.2
12 15 18
9.6 12 14.4
0.8 1 1.2
8 10 12
0 6 9
1 7 3
4 7 10
0 9 4
0 10 5
1 8 5
1 12 3
2 8 3
3 10 9
3 12 4
4 11 7
5 10 5
5 11 5
7 11 8
13 18 10
14 20 9
14 21 9
15 20 1
15 22 8
15 23 3
16 20 3
16 22 9
17 19 10
17 21 3
17 22 8
18 19 9
18 22 6
18 23 9
25 29 10
28 29 6
24 32 7
24 33 8
25 30 10
25 31 9
25 32 2
26 30 4
26 31 3
26 34 4
27 30 8
27 32 10
27 33 2
28 32 6
29 33 3
24 36 9
24 38 3
26 38 8
27 38 9
28 38 6
29 36 8
29 37 9
29 38 3
30 36 1
31 36 7
31 37 6
32 35 5
32 37 8
32 38 1
32 39 9
33 36 6
33 38 6
34 35 6
34 36 2
26 40 5
27 40 3
28 40 8
31 40 10
33 40 1
50
