4 3
12 15
14 19
13 16
18 36
3.2 4 4.8
4 5 6
2.4 3 3.6
8.8 11 13.2
2.4 3 3.6
11.2 14 16.8
3.2 4 4.8
4.8 6 7.2
8.8 11 13.2
6.4 8 9.6
11.2 14 16.8
7.2 9 10.8
2.4 3 3.6
11.2 14 16.8
2.4 3 3.6
4 5 6
0.8 1 1.2
3.2 4 4.8
4 5 6
4.8 6 7.2
4.8 6 7.2
7.2 9 10.8
3.2 4 4.8
4.8 6 7.2
1.6 2 2.4
4 5 6
11.2 14 16.8
8.8 11 13.2
1.6 2 2.4
4.8 6 7.2
4 5 6
4 5 6
1.6 2 2.4
4.8 6 7.2
4 5 6
4.8 6 7.2
8.8 11 13.2
12 15 18
5.6 7 8.4
12 15 18
3.2 4 4.8
5.6 7 8.4
5.6 7 8.4
6.4 8 9.6
7.2 9 10.8
7.2 9 10.8
3.2 4 4.8
1.6 2 2.4
12 15 18
5.6 7 8.4
10.4 13 15.6
7.2 9 10.8
12 15 18
6.4 8 9.6
0.8 1 1.2
6.4 8 9.6
10.4 13 15.6
0 4 6
0 5 1
1 7 8
2 6 2
4 6 1
5 6 9
0 11 9
3 9 8
3 10 1
4 9 4
4 11 4
5 9 9
5 10 10
6 11 4
7 10 6
12 15 4
13 16 2
13 17 9
12 18 9
12 19 4
12 20 1
15 18 4
15 19 9
16 19 6
17 18 5
12 24 6
14 23 4
14 25 4
16 21 6
16 22 3
16 25 9
17 23 2
18 24 7
20 23 3
26 29 4
27 30 10
29 30 9
29 31 2
29 33 2
26 34 1
26 36 7
26 37 5
27 36 7
27 37 10
28 35 9
28 37 10
30 37 2
30 38 5
31 36 4
32 34 5
39 47 5
40 45 7
41 45 4
41 46 1
39 48 8
39 49 9
39 50 6
40 50 4
40 51 10
42 51 4
43 49 7
44 50 10
45 49 7
46 48 6
47 50 3
40 52 7
42 52 1
47 52 9
50 52 3
51 52 10
40 54 5
40 56 2
41 54 9
41 56 2
42 54 10
44 54 4
45 54 1
45 55 7
46 54 8
46 56 3
48 54 3
48 56 8
49 53 10
51 53 7
52 54 10
52 55 2
50
