10 8
12 15
16 22
14 28
18 42
14 22
15 19
10 13
12 8
12 11
12 14
8.8 9.42857 10.0571 10.6857 11.3143 11.9429 12.5714 13.2 
2.4 2.57143 2.74286 2.91429 3.08571 3.25714 3.42857 3.6 
2.4 2.57143 2.74286 2.91429 3.08571 3.25714 3.42857 3.6 
8.8 9.42857 10.0571 10.6857 11.3143 11.9429 12.5714 13.2 
8.8 9.42857 10.0571 10.6857 11.3143 11.9429 12.5714 13.2 
8.8 9.42857 10.0571 10.6857 11.3143 11.9429 12.5714 13.2 
7.2 7.71429 8.22857 8.74286 9.25714 9.77143 10.2857 10.8 
3.2 3.42857 3.65714 3.88571 4.11429 4.34286 4.57143 4.8 
6.4 6.85714 7.31429 7.77143 8.22857 8.68571 9.14286 9.6 
3.2 3.42857 3.65714 3.88571 4.11429 4.34286 4.57143 4.8 
7.2 7.71429 8.22857 8.74286 9.25714 9.77143 10.2857 10.8 
4.8 5.14286 5.48571 5.82857 6.17143 6.51429 6.85714 7.2 
4.8 5.14286 5.48571 5.82857 6.17143 6.51429 6.85714 7.2 
9.6 10.2857 10.9714 11.6571 12.3429 13.0286 13.7143 14.4 
4.8 5.14286 5.48571 5.82857 6.17143 6.51429 6.85714 7.2 
7.2 7.71429 8.22857 8.74286 9.25714 9.77143 10.2857 10.8 
8 8.57143 9.14286 9.71429 10.2857 10.8571 11.4286 12 
6.4 6.85714 7.31429 7.77143 8.22857 8.68571 9.14286 9.6 
4.8 5.14286 5.48571 5.82857 6.17143 6.51429 6.85714 7.2 
1.6 1.71429 1.82857 1.94286 2.05714 2.17143 2.28571 2.4 
0.8 0.857143 0.914286 0.971429 1.02857 1.08571 1.14286 1.2 
8 8.57143 9.14286 9.71429 10.2857 10.8571 11.4286 12 
8 8.57143 9.14286 9.71429 10.2857 10.8571 11.4286 12 
1.6 1.71429 1.82857 1.94286 2.05714 2.17143 2.28571 2.4 
4 4.28571 4.57143 4.85714 5.14286 5.42857 5.71429 6 
10.4 11.1429 11.8857 12.6286 13.3714 14.1143 14.8571 15.6 
0.8 0.857143 0.914286 0.971429 1.02857 1.08571 1.14286 1.2 
11.2 12 12.8 13.6 14.4 15.2 16 16.8 
4.8 5.14286 5.48571 5.82857 6.17143 6.51429 6.85714 7.2 
7.2 7.71429 8.22857 8.74286 9.25714 9.77143 10.2857 10.8 
7.2 7.71429 8.22857 8.74286 9.25714 9.77143 10.2857 10.8 
10.4 11.1429 11.8857 12.6286 13.3714 14.1143 14.8571 15.6 
3.2 3.42857 3.65714 3.88571 4.11429 4.34286 4.57143 4.8 
3.2 3.42857 3.65714 3.88571 4.11429 4.34286 4.57143 4.8 
8.8 9.42857 10.0571 10.6857 11.3143 11.9429 12.5714 13.2 
4 4.28571 4.57143 4.85714 5.14286 5.42857 5.71429 6 
8.8 9.42857 10.0571 10.6857 11.3143 11.9429 12.5714 13.2 
5.6 6 6.4 6.8 7.2 7.6 8 8.4 
2.4 2.57143 2.74286 2.91429 3.08571 3.25714 3.42857 3.6 
11.2 12 12.8 13.6 14.4 15.2 16 16.8 
2.4 2.57143 2.74286 2.91429 3.08571 3.25714 3.42857 3.6 
1.6 1.71429 1.82857 1.94286 2.05714 2.17143 2.28571 2.4 
7.2 7.71429 8.22857 8.74286 9.25714 9.77143 10.2857 10.8 
4.8 5.14286 5.48571 5.82857 6.17143 6.51429 6.85714 7.2 
11.2 12 12.8 13.6 14.4 15.2 16 16.8 
7.2 7.71429 8.22857 8.74286 9.25714 9.77143 10.2857 10.8 
3.2 3.42857 3.65714 3.88571 4.11429 4.34286 4.57143 4.8 
10.4 11.1429 11.8857 12.6286 13.3714 14.1143 14.8571 15.6 
7.2 7.71429 8.22857 8.74286 9.25714 9.77143 10.2857 10.8 
3.2 3.42857 3.65714 3.88571 4.11429 4.34286 4.57143 4.8 
0.8 0.857143 0.914286 0.971429 1.02857 1.08571 1.14286 1.2 
4.8 5.14286 5.48571 5.82857 6.17143 6.51429 6.85714 7.2 
9.6 10.2857 10.9714 11.6571 12.3429 13.0286 13.7143 14.4 
10.4 11.1429 11.8857 12.6286 13.3714 14.1143 14.8571 15.6 
11.2 12 12.8 13.6 14.4 15.2 16 16.8 
7.2 7.71429 8.22857 8.74286 9.25714 9.77143 10.2857 10.8 
12 12.8571 13.7143 14.5714 15.4286 16.2857 17.1429 18 
12 12.8571 13.7143 14.5714 15.4286 16.2857 17.1429 18 
5.6 6 6.4 6.8 7.2 7.6 8 8.4 
8 8.57143 9.14286 9.71429 10.2857 10.8571 11.4286 12 
2.4 2.57143 2.74286 2.91429 3.08571 3.25714 3.42857 3.6 
5.6 6 6.4 6.8 7.2 7.6 8 8.4 
4 4.28571 4.57143 4.85714 5.14286 5.42857 5.71429 6 
7.2 7.71429 8.22857 8.74286 9.25714 9.77143 10.2857 10.8 
3.2 3.42857 3.65714 3.88571 4.11429 4.34286 4.57143 4.8 
9.6 10.2857 10.9714 11.6571 12.3429 13.0286 13.7143 14.4 
4.8 5.14286 5.48571 5.82857 6.17143 6.51429 6.85714 7.2 
1.6 1.71429 1.82857 1.94286 2.05714 2.17143 2.28571 2.4 
4 4.28571 4.57143 4.85714 5.14286 5.42857 5.71429 6 
12 12.8571 13.7143 14.5714 15.4286 16.2857 17.1429 18 
2.4 2.57143 2.74286 2.91429 3.08571 3.25714 3.42857 3.6 
4.8 5.14286 5.48571 5.82857 6.17143 6.51429 6.85714 7.2 
11.2 12 12.8 13.6 14.4 15.2 16 16.8 
2.4 2.57143 2.74286 2.91429 3.08571 3.25714 3.42857 3.6 
10.4 11.1429 11.8857 12.6286 13.3714 14.1143 14.8571 15.6 
10.4 11.1429 11.8857 12.6286 13.3714 14.1143 14.8571 15.6 
7.2 7.71429 8.22857 8.74286 9.25714 9.77143 10.2857 10.8 
4.8 5.14286 5.48571 5.82857 6.17143 6.51429 6.85714 7.2 
6.4 6.85714 7.31429 7.77143 8.22857 8.68571 9.14286 9.6 
8 8.57143 9.14286 9.71429 10.2857 10.8571 11.4286 12 
12 12.8571 13.7143 14.5714 15.4286 16.2857 17.1429 18 
4.8 5.14286 5.48571 5.82857 6.17143 6.51429 6.85714 7.2 
0.8 0.857143 0.914286 0.971429 1.02857 1.08571 1.14286 1.2 
1.6 1.71429 1.82857 1.94286 2.05714 2.17143 2.28571 2.4 
4.8 5.14286 5.48571 5.82857 6.17143 6.51429 6.85714 7.2 
10.4 11.1429 11.8857 12.6286 13.3714 14.1143 14.8571 15.6 
6.4 6.85714 7.31429 7.77143 8.22857 8.68571 9.14286 9.6 
4.8 5.14286 5.48571 5.82857 6.17143 6.51429 6.85714 7.2 
6.4 6.85714 7.31429 7.77143 8.22857 8.68571 9.14286 9.6 
4 4.28571 4.57143 4.85714 5.14286 5.42857 5.71429 6 
8 8.57143 9.14286 9.71429 10.2857 10.8571 11.4286 12 
4.8 5.14286 5.48571 5.82857 6.17143 6.51429 6.85714 7.2 
12 12.8571 13.7143 14.5714 15.4286 16.2857 17.1429 18 
1.6 1.71429 1.82857 1.94286 2.05714 2.17143 2.28571 2.4 
2.4 2.57143 2.74286 2.91429 3.08571 3.25714 3.42857 3.6 
10.4 11.1429 11.8857 12.6286 13.3714 14.1143 14.8571 15.6 
2.4 2.57143 2.74286 2.91429 3.08571 3.25714 3.42857 3.6 
12 12.8571 13.7143 14.5714 15.4286 16.2857 17.1429 18 
8.8 9.42857 10.0571 10.6857 11.3143 11.9429 12.5714 13.2 
5.6 6 6.4 6.8 7.2 7.6 8 8.4 
10.4 11.1429 11.8857 12.6286 13.3714 14.1143 14.8571 15.6 
7.2 7.71429 8.22857 8.74286 9.25714 9.77143 10.2857 10.8 
6.4 6.85714 7.31429 7.77143 8.22857 8.68571 9.14286 9.6 
8.8 9.42857 10.0571 10.6857 11.3143 11.9429 12.5714 13.2 
1.6 1.71429 1.82857 1.94286 2.05714 2.17143 2.28571 2.4 
4.8 5.14286 5.48571 5.82857 6.17143 6.51429 6.85714 7.2 
4 4.28571 4.57143 4.85714 5.14286 5.42857 5.71429 6 
4 4.28571 4.57143 4.85714 5.14286 5.42857 5.71429 6 
0.8 0.857143 0.914286 0.971429 1.02857 1.08571 1.14286 1.2 
6.4 6.85714 7.31429 7.77143 8.22857 8.68571 9.14286 9.6 
12 12.8571 13.7143 14.5714 15.4286 16.2857 17.1429 18 
10.4 11.1429 11.8857 12.6286 13.3714 14.1143 14.8571 15.6 
11.2 12 12.8 13.6 14.4 15.2 16 16.8 
2.4 2.57143 2.74286 2.91429 3.08571 3.25714 3.42857 3.6 
1.6 1.71429 1.82857 1.94286 2.05714 2.17143 2.28571 2.4 
7.2 7.71429 8.22857 8.74286 9.25714 9.77143 10.2857 10.8 
8 8.57143 9.14286 9.71429 10.2857 10.8571 11.4286 12 
6.4 6.85714 7.31429 7.77143 8.22857 8.68571 9.14286 9.6 
0.8 0.857143 0.914286 0.971429 1.02857 1.08571 1.14286 1.2 
4.8 5.14286 5.48571 5.82857 6.17143 6.51429 6.85714 7.2 
0.8 0.857143 0.914286 0.971429 1.02857 1.08571 1.14286 1.2 
7.2 7.71429 8.22857 8.74286 9.25714 9.77143 10.2857 10.8 
3.2 3.42857 3.65714 3.88571 4.11429 4.34286 4.57143 4.8 
1.6 1.71429 1.82857 1.94286 2.05714 2.17143 2.28571 2.4 
1.6 1.71429 1.82857 1.94286 2.05714 2.17143 2.28571 2.4 
6.4 6.85714 7.31429 7.77143 8.22857 8.68571 9.14286 9.6 
0.8 0.857143 0.914286 0.971429 1.02857 1.08571 1.14286 1.2 
3.2 3.42857 3.65714 3.88571 4.11429 4.34286 4.57143 4.8 
1.6 1.71429 1.82857 1.94286 2.05714 2.17143 2.28571 2.4 
2.4 2.57143 2.74286 2.91429 3.08571 3.25714 3.42857 3.6 
10.4 11.1429 11.8857 12.6286 13.3714 14.1143 14.8571 15.6 
1.6 1.71429 1.82857 1.94286 2.05714 2.17143 2.28571 2.4 
9.6 10.2857 10.9714 11.6571 12.3429 13.0286 13.7143 14.4 
4.8 5.14286 5.48571 5.82857 6.17143 6.51429 6.85714 7.2 
9.6 10.2857 10.9714 11.6571 12.3429 13.0286 13.7143 14.4 
0 3 8
0 4 9
1 6 2
2 7 8
2 8 9
3 8 2
3 9 7
4 9 10
5 8 4
0 11 2
2 11 1
3 10 10
3 11 3
7 11 5
8 10 7
12 17 8
14 20 1
15 17 7
15 18 8
15 19 7
15 20 2
12 21 6
14 21 3
14 22 5
15 22 7
18 22 6
19 22 9
13 24 7
13 27 5
14 23 6
15 23 7
16 26 8
18 25 8
19 27 7
20 24 9
20 27 5
21 23 10
30 33 7
32 33 9
28 34 6
29 34 4
31 34 3
31 35 9
32 35 4
33 34 8
28 37 9
29 36 6
29 37 4
29 38 9
32 36 8
32 38 6
33 36 3
34 36 4
34 38 6
35 36 8
28 40 6
29 39 7
29 40 7
29 41 5
30 40 3
31 40 3
34 39 7
35 41 3
36 39 1
38 40 5
42 44 1
42 47 3
43 46 5
43 47 2
43 51 4
44 50 9
45 49 8
47 51 8
48 49 3
42 54 8
42 55 7
43 54 1
45 53 5
46 54 6
47 53 3
48 55 5
49 53 7
50 53 4
51 53 8
51 55 1
52 55 10
42 58 4
43 56 2
44 58 7
45 58 8
46 58 10
47 58 1
48 59 8
49 57 9
49 59 1
50 56 5
50 58 1
50 59 4
51 56 9
51 59 2
52 57 7
52 58 9
53 57 3
53 58 9
54 57 1
54 58 8
55 58 10
60 65 10
61 64 6
61 66 5
61 67 9
61 68 1
65 67 7
60 72 10
60 73 1
61 69 2
61 70 5
61 71 2
62 70 10
62 73 5
64 73 1
66 69 6
66 70 10
66 72 9
67 69 4
67 71 3
68 69 3
68 72 2
68 73 9
74 77 4
74 79 6
76 81 2
75 83 9
76 83 10
77 83 7
80 83 5
81 83 2
82 83 6
74 85 8
74 87 9
75 88 2
78 88 5
79 85 7
79 88 6
80 88 5
81 84 6
81 88 4
82 84 2
89 95 2
90 92 2
90 94 5
90 95 9
91 92 10
89 96 8
89 97 8
89 98 2
92 97 6
93 96 6
93 98 6
95 97 2
95 98 6
99 101 6
99 105 7
100 103 1
100 106 8
102 108 5
103 106 5
105 106 9
105 108 7
112 115 7
112 116 1
111 119 10
111 120 3
112 120 8
114 118 3
115 120 6
115 121 4
117 118 6
117 119 9
117 120 2
123 126 7
124 126 9
124 127 5
125 129 3
127 128 9
123 130 4
125 133 4
127 130 6
127 132 1
128 131 10
129 131 9
124 134 1
125 134 10
131 134 7
13
98
74
34
56
119
61
135
162
86

