10 8
15 24
9 9
12 11
12 13
8 4
14 22
7 6
13 20
11 19
10 4
6.4 6.85714 7.31429 7.77143 8.22857 8.68571 9.14286 9.6 
4.8 5.14286 5.48571 5.82857 6.17143 6.51429 6.85714 7.2 
2.4 2.57143 2.74286 2.91429 3.08571 3.25714 3.42857 3.6 
2.4 2.57143 2.74286 2.91429 3.08571 3.25714 3.42857 3.6 
9.6 10.2857 10.9714 11.6571 12.3429 13.0286 13.7143 14.4 
12 12.8571 13.7143 14.5714 15.4286 16.2857 17.1429 18 
4.8 5.14286 5.48571 5.82857 6.17143 6.51429 6.85714 7.2 
1.6 1.71429 1.82857 1.94286 2.05714 2.17143 2.28571 2.4 
4 4.28571 4.57143 4.85714 5.14286 5.42857 5.71429 6 
12 12.8571 13.7143 14.5714 15.4286 16.2857 17.1429 18 
4.8 5.14286 5.48571 5.82857 6.17143 6.51429 6.85714 7.2 
4.8 5.14286 5.48571 5.82857 6.17143 6.51429 6.85714 7.2 
6.4 6.85714 7.31429 7.77143 8.22857 8.68571 9.14286 9.6 
8 8.57143 9.14286 9.71429 10.2857 10.8571 11.4286 12 
11.2 12 12.8 13.6 14.4 15.2 16 16.8 
7.2 7.71429 8.22857 8.74286 9.25714 9.77143 10.2857 10.8 
8.8 9.42857 10.0571 10.6857 11.3143 11.9429 12.5714 13.2 
12 12.8571 13.7143 14.5714 15.4286 16.2857 17.1429 18 
11.2 12 12.8 13.6 14.4 15.2 16 16.8 
4 4.28571 4.57143 4.85714 5.14286 5.42857 5.71429 6 
10.4 11.1429 11.8857 12.6286 13.3714 14.1143 14.8571 15.6 
10.4 11.1429 11.8857 12.6286 13.3714 14.1143 14.8571 15.6 
4.8 5.14286 5.48571 5.82857 6.17143 6.51429 6.85714 7.2 
1.6 1.71429 1.82857 1.94286 2.05714 2.17143 2.28571 2.4 
4.8 5.14286 5.48571 5.82857 6.17143 6.51429 6.85714 7.2 
8.8 9.42857 10.0571 10.6857 11.3143 11.9429 12.5714 13.2 
6.4 6.85714 7.31429 7.77143 8.22857 8.68571 9.14286 9.6 
0.8 0.857143 0.914286 0.971429 1.02857 1.08571 1.14286 1.2 
0.8 0.857143 0.914286 0.971429 1.02857 1.08571 1.14286 1.2 
8.8 9.42857 10.0571 10.6857 11.3143 11.9429 12.5714 13.2 
4.8 5.14286 5.48571 5.82857 6.17143 6.51429 6.85714 7.2 
3.2 3.42857 3.65714 3.88571 4.11429 4.34286 4.57143 4.8 
7.2 7.71429 8.22857 8.74286 9.25714 9.77143 10.2857 10.8 
6.4 6.85714 7.31429 7.77143 8.22857 8.68571 9.14286 9.6 
9.6 10.2857 10.9714 11.6571 12.3429 13.0286 13.7143 14.4 
10.4 11.1429 11.8857 12.6286 13.3714 14.1143 14.8571 15.6 
5.6 6 6.4 6.8 7.2 7.6 8 8.4 
4 4.28571 4.57143 4.85714 5.14286 5.42857 5.71429 6 
0.8 0.857143 0.914286 0.971429 1.02857 1.08571 1.14286 1.2 
6.4 6.85714 7.31429 7.77143 8.22857 8.68571 9.14286 9.6 
1.6 1.71429 1.82857 1.94286 2.05714 2.17143 2.28571 2.4 
8.8 9.42857 10.0571 10.6857 11.3143 11.9429 12.5714 13.2 
6.4 6.85714 7.31429 7.77143 8.22857 8.68571 9.14286 9.6 
11.2 12 12.8 13.6 14.4 15.2 16 16.8 
6.4 6.85714 7.31429 7.77143 8.22857 8.68571 9.14286 9.6 
9.6 10.2857 10.9714 11.6571 12.3429 13.0286 13.7143 14.4 
9.6 10.2857 10.9714 11.6571 12.3429 13.0286 13.7143 14.4 
12 12.8571 13.7143 14.5714 15.4286 16.2857 17.1429 18 
8 8.57143 9.14286 9.71429 10.2857 10.8571 11.4286 12 
4.8 5.14286 5.48571 5.82857 6.17143 6.51429 6.85714 7.2 
6.4 6.85714 7.31429 7.77143 8.22857 8.68571 9.14286 9.6 
8.8 9.42857 10.0571 10.6857 11.3143 11.9429 12.5714 13.2 
10.4 11.1429 11.8857 12.6286 13.3714 14.1143 14.8571 15.6 
11.2 12 12.8 13.6 14.4 15.2 16 16.8 
4 4.28571 4.57143 4.85714 5.14286 5.42857 5.71429 6 
5.6 6 6.4 6.8 7.2 7.6 8 8.4 
4.8 5.14286 5.48571 5.82857 6.17143 6.51429 6.85714 7.2 
7.2 7.71429 8.22857 8.74286 9.25714 9.77143 10.2857 10.8 
11.2 12 12.8 13.6 14.4 15.2 16 16.8 
8 8.57143 9.14286 9.71429 10.2857 10.8571 11.4286 12 
9.6 10.2857 10.9714 11.6571 12.3429 13.0286 13.7143 14.4 
4 4.28571 4.57143 4.85714 5.14286 5.42857 5.71429 6 
0.8 0.857143 0.914286 0.971429 1.02857 1.08571 1.14286 1.2 
4 4.28571 4.57143 4.85714 5.14286 5.42857 5.71429 6 
12 12.8571 13.7143 14.5714 15.4286 16.2857 17.1429 18 
7.2 7.71429 8.22857 8.74286 9.25714 9.77143 10.2857 10.8 
6.4 6.85714 7.31429 7.77143 8.22857 8.68571 9.14286 9.6 
12 12.8571 13.7143 14.5714 15.4286 16.2857 17.1429 18 
8 8.57143 9.14286 9.71429 10.2857 10.8571 11.4286 12 
2.4 2.57143 2.74286 2.91429 3.08571 3.25714 3.42857 3.6 
4.8 5.14286 5.48571 5.82857 6.17143 6.51429 6.85714 7.2 
5.6 6 6.4 6.8 7.2 7.6 8 8.4 
1.6 1.71429 1.82857 1.94286 2.05714 2.17143 2.28571 2.4 
1.6 1.71429 1.82857 1.94286 2.05714 2.17143 2.28571 2.4 
10.4 11.1429 11.8857 12.6286 13.3714 14.1143 14.8571 15.6 
9.6 10.2857 10.9714 11.6571 12.3429 13.0286 13.7143 14.4 
7.2 7.71429 8.22857 8.74286 9.25714 9.77143 10.2857 10.8 
10.4 11.1429 11.8857 12.6286 13.3714 14.1143 14.8571 15.6 
11.2 12 12.8 13.6 14.4 15.2 16 16.8 
1.6 1.71429 1.82857 1.94286 2.05714 2.17143 2.28571 2.4 
5.6 6 6.4 6.8 7.2 7.6 8 8.4 
11.2 12 12.8 13.6 14.4 15.2 16 16.8 
1.6 1.71429 1.82857 1.94286 2.05714 2.17143 2.28571 2.4 
8 8.57143 9.14286 9.71429 10.2857 10.8571 11.4286 12 
8.8 9.42857 10.0571 10.6857 11.3143 11.9429 12.5714 13.2 
8.8 9.42857 10.0571 10.6857 11.3143 11.9429 12.5714 13.2 
8 8.57143 9.14286 9.71429 10.2857 10.8571 11.4286 12 
12 12.8571 13.7143 14.5714 15.4286 16.2857 17.1429 18 
11.2 12 12.8 13.6 14.4 15.2 16 16.8 
4 4.28571 4.57143 4.85714 5.14286 5.42857 5.71429 6 
1.6 1.71429 1.82857 1.94286 2.05714 2.17143 2.28571 2.4 
8 8.57143 9.14286 9.71429 10.2857 10.8571 11.4286 12 
1.6 1.71429 1.82857 1.94286 2.05714 2.17143 2.28571 2.4 
4 4.28571 4.57143 4.85714 5.14286 5.42857 5.71429 6 
7.2 7.71429 8.22857 8.74286 9.25714 9.77143 10.2857 10.8 
1.6 1.71429 1.82857 1.94286 2.05714 2.17143 2.28571 2.4 
11.2 12 12.8 13.6 14.4 15.2 16 16.8 
12 12.8571 13.7143 14.5714 15.4286 16.2857 17.1429 18 
2.4 2.57143 2.74286 2.91429 3.08571 3.25714 3.42857 3.6 
2.4 2.57143 2.74286 2.91429 3.08571 3.25714 3.42857 3.6 
10.4 11.1429 11.8857 12.6286 13.3714 14.1143 14.8571 15.6 
10.4 11.1429 11.8857 12.6286 13.3714 14.1143 14.8571 15.6 
2.4 2.57143 2.74286 2.91429 3.08571 3.25714 3.42857 3.6 
7.2 7.71429 8.22857 8.74286 9.25714 9.77143 10.2857 10.8 
5.6 6 6.4 6.8 7.2 7.6 8 8.4 
3.2 3.42857 3.65714 3.88571 4.11429 4.34286 4.57143 4.8 
5.6 6 6.4 6.8 7.2 7.6 8 8.4 
7.2 7.71429 8.22857 8.74286 9.25714 9.77143 10.2857 10.8 
1.6 1.71429 1.82857 1.94286 2.05714 2.17143 2.28571 2.4 
7.2 7.71429 8.22857 8.74286 9.25714 9.77143 10.2857 10.8 
0.8 0.857143 0.914286 0.971429 1.02857 1.08571 1.14286 1.2 
0 4 6
2 5 9
0 9 9
1 8 5
1 9 3
1 11 9
2 9 8
4 7 8
4 8 4
4 9 7
4 10 5
5 8 10
5 9 4
6 10 1
6 11 8
1 13 2
2 12 1
3 12 6
5 13 2
5 14 10
8 12 3
8 13 10
9 14 5
11 12 5
15 17 9
15 18 10
15 20 5
15 22 3
17 21 7
17 22 4
18 22 10
19 23 1
21 23 5
24 27 7
24 28 2
25 29 10
25 30 3
27 29 10
28 31 9
26 34 8
28 34 5
29 33 3
29 34 10
31 32 10
37 39 6
37 40 8
37 42 4
38 39 2
36 44 1
37 46 2
38 46 10
39 43 2
39 46 6
39 47 9
40 45 4
42 43 7
42 46 10
49 54 6
50 54 9
51 54 2
51 55 6
56 63 2
57 60 4
57 61 1
58 63 6
59 61 5
59 62 3
57 66 9
60 65 4
60 66 5
60 67 4
61 65 9
61 66 5
63 64 1
63 67 2
57 69 4
60 68 8
60 69 3
61 68 7
62 68 5
63 69 5
66 68 8
67 68 4
70 72 4
70 73 10
71 73 8
71 74 10
71 76 10
72 76 8
77 81 8
78 82 6
77 86 2
78 85 4
81 85 9
77 87 4
77 88 1
78 87 3
78 89 8
79 87 9
79 88 7
80 89 3
81 87 3
81 88 3
81 89 3
82 87 1
82 89 2
83 89 5
84 87 5
85 88 9
91 96 8
94 96 6
94 97 3
95 97 6
92 98 8
93 98 9
96 98 1
90 100 10
91 99 10
91 100 1
92 100 2
93 99 4
93 100 10
94 100 9
95 99 2
96 100 10
97 99 4
97 100 1
98 100 3
101 110 5
103 109 10
104 107 6
104 109 1
32
42
67
35
42
89
103
136
93
